0,2649159, -4,742158, 23,59337
0,3522571, -1,767322, 24,38468
0,4430217, 1,128844, 25,03769
0,4470899, 2,63184, 25,0625
-1,399719, 0,3822212, 24,65555
-3,434306, 0,1105733, 23,85385
-3,611036, 2,314194, 23,07904
-3,529111, 2,931866, 23,25292
2,007465, -0,01924308, 24,88842
2,70678, -2,052157, 24,74508
3,282695, -0,2753224, 23,57229
3,260026, -0,1478764, 23,53309
-0,497176, -4,614345, 23,1561
-0,6528468, -8,438137, 22,32976
-0,570944, -11,65004, 21,92305
-0,4287679, -11,84482, 20,51897
1,019964, -4,725583, 23,31377
1,174222, -8,386774, 22,3626
1,151294, -11,60863, 22,10823
1,248723, -11,86424, 20,72268
0,4201792, 0,4143959, 24,89841
-3,464662, 3,675114, 23,52538
-3,017384, 2,941941, 23,07308
3,279657, 0,3699033, 23,2632
2,983565, 0,1910837, 23,34097
*
0,2649159, -4,742158, 23,59337
0,3522571, -1,767322, 24,38468
0,4430217, 1,128844, 25,03769
0,4470899, 2,63184, 25,0625
-1,399719, 0,3822212, 24,65555
-3,434306, 0,1105733, 23,85385
-3,611036, 2,314194, 23,07904
-3,529111, 2,931866, 23,25292
2,007465, -0,01924308, 24,88842
2,70678, -2,052157, 24,74508
3,282695, -0,2753224, 23,57229
3,260026, -0,1478764, 23,53309
-0,497176, -4,614345, 23,1561
-0,6528468, -8,438137, 22,32976
-0,570944, -11,65004, 21,92305
-0,4287679, -11,84482, 20,51897
1,019964, -4,725583, 23,31377
1,174222, -8,386774, 22,3626
1,151294, -11,60863, 22,10823
1,248723, -11,86424, 20,72268
0,4201792, 0,4143959, 24,89841
-3,464662, 3,675114, 23,52538
-3,017384, 2,941941, 23,07308
3,279657, 0,3699033, 23,2632
2,983565, 0,1910837, 23,34097
*
0,3099519, -5,224206, 24,0962
0,3963395, -2,182928, 24,80705
0,4784653, 0,7803074, 25,38189
0,4489362, 2,296841, 25,42395
-1,27346, -0,288803, 25,35048
-1,757153, -2,620113, 24,99955
-2,331856, -1,113644, 23,64498
-2,636367, -0,6158345, 23,3978
2,062989, -0,3095674, 25,0546
2,748611, -2,855175, 25,01938
3,366857, -1,880329, 23,21405
3,524585, -1,545665, 22,65787
-0,4592301, -5,153363, 23,80035
-0,4798597, -8,805841, 22,81632
-0,4321762, -11,81054, 22,05436
-0,5028804, -11,88042, 20,64176
1,069604, -5,136376, 23,65769
1,041502, -8,821431, 22,82908
1,02216, -11,79261, 22,27104
0,9176534, -11,91871, 20,87244
0,45816, 0,04918768, 25,26238
-3,088554, -0,07301101, 23,18626
-2,361592, -0,3412781, 23,36067
3,545607, -1,24031, 22,36525
3,249594, -1,383736, 22,48305
*
0,3689158, -5,209644, 24,14902
0,6088271, -2,174582, 24,74769
0,8394749, 0,7766759, 25,18379
0,6809754, 2,293388, 25,15873
-1,049133, -0,2254115, 25,3298
-1,626506, -2,599155, 24,85215
-3,00722, -3,672947, 23,43367
-3,703596, -3,973253, 23,0419
2,382815, -0,3287461, 24,83468
3,031723, -2,717195, 24,3644
4,001669, -3,972046, 23,0374
4,380731, -4,386175, 22,44302
-0,3980389, -5,127304, 23,90257
-0,8407112, -8,419866, 22,30673
-0,9351074, -11,51844, 21,66452
-1,074491, -11,63167, 20,26562
1,124774, -5,133417, 23,66438
1,159696, -8,657202, 22,81409
1,036801, -11,81625, 22,27312
0,8634252, -11,9582, 20,88277
0,782718, 0,04842098, 25,10237
-4,188405, -4,358359, 22,79519
-3,788506, -3,63608, 22,66148
4,709002, -4,472601, 21,88897
4,724878, -4,055059, 22,16429
*
-0,843029, -4,308774, 23,54679
-1,00247, -1,706583, 24,26241
-1,160067, 0,8239561, 24,84651
-1,157781, 2,587431, 24,97567
-2,509508, 0,6761748, 24,29347
-2,519279, 3,228445, 23,40747
-1,406507, 4,686625, 24,21709
-1,135447, 5,276709, 24,45732
0,3047578, 0,7768167, 24,94854
0,8207737, 2,675183, 24,27807
-0,277254, 4,380897, 24,38582
-0,6958152, 4,955509, 24,47635
-1,552862, -4,161471, 22,98255
-1,671155, -8,034739, 21,86655
-1,34813, -11,53325, 21,40602
-1,048524, -11,68613, 20,04842
-0,1055479, -4,328624, 23,39437
0,6445388, -8,433111, 22,2186
1,39231, -11,63904, 21,54136
1,720105, -11,67674, 20,17521
-1,121179, 0,199921, 24,72461
-0,9322865, 5,860029, 24,51592
-0,8373688, 4,994349, 24,25501
-0,9629036, 5,503448, 24,3588
-0,9032918, 4,831486, 24,38208
*
-0,9602321, -4,474639, 23,5932
-1,127857, -1,758901, 24,28585
-1,268105, 0,8450828, 24,83633
-1,201891, 2,400718, 25,03146
-2,632545, 0,4668842, 24,16503
-2,437011, 2,717308, 23,29577
-1,116808, 4,829867, 24,27128
-0,9628043, 5,345304, 24,37976
0,2764709, 0,660888, 25,0607
0,8723837, 2,512744, 24,31931
-0,20346, 4,208947, 24,2999
-0,611621, 4,786349, 24,34972
-1,681158, -4,308501, 23,07968
-1,726431, -8,076543, 21,93185
-1,346088, -11,53749, 21,4656
-0,9794365, -11,6777, 20,12527
-0,2112196, -4,503751, 23,37496
0,5523969, -8,524024, 22,26362
0,519262, -11,90149, 21,97906
1,124483, -12,45018, 21,564
-1,235592, 0,2064858, 24,72383
-0,9092116, 5,990992, 24,52327
-0,7254678, 5,116611, 24,09603
-0,8994469, 5,356042, 24,19394
-0,8213338, 4,594262, 24,31279
*
-0,8820658, -4,908468, 23,42976
-1,013317, -1,850582, 24,16709
-1,109385, 1,125736, 24,727
-0,8187353, 2,622891, 24,95199
-2,716244, 0,1742556, 24,28687
-4,749778, -1,19215, 23,98611
-5,977287, 0,597883, 23,07169
-6,320863, 0,984736, 22,76919
0,524503, 0,02736259, 24,95675
2,434125, -1,181224, 25,35886
3,78566, 0,5181324, 24,70293
4,024849, 1,002062, 24,48872
-1,604596, -4,754183, 22,90757
-1,764308, -8,410564, 22,00014
-1,342984, -11,54966, 21,47262
-1,02509, -11,6633, 20,1105
-0,1393506, -4,913038, 23,21215
0,2726621, -8,553736, 22,19502
0,2298009, -11,93401, 22,14822
0,6473512, -12,54913, 21,50046
-1,090968, 0,3907588, 24,61304
-6,580017, 1,690711, 22,85559
-6,401842, 0,9371215, 22,21444
4,051427, 1,542792, 24,5309
4,294128, 1,126662, 24,02143
*
-0,9003191, -5,05368, 23,52692
-0,6415976, -1,902076, 23,79757
-0,3437927, 1,140802, 23,90762
0,04632009, 2,578855, 24,03815
-2,102953, 0,1978221, 23,75649
-3,464797, -1,953665, 23,95664
-5,246456, -2,307817, 22,66432
-5,907671, -2,355635, 22,19917
1,162624, -0,1214581, 24,18653
3,000901, -1,823669, 24,74899
3,714307, -3,629602, 24,00825
3,80814, -4,251326, 23,74163
-1,655854, -4,88738, 23,07531
-1,835575, -8,367292, 22,08083
-1,358538, -11,55789, 21,48865
-1,12147, -11,71547, 20,12007
-0,117776, -5,062338, 23,24688
0,3067489, -8,475019, 22,0119
0,2053909, -11,88213, 21,9481
0,3368291, -12,18034, 20,62091
-0,4208723, 0,3896009, 23,9077
-6,320731, -2,356179, 21,78163
-5,660239, -2,110222, 21,82381
3,747135, -4,800009, 23,65792
3,342652, -4,465394, 23,601
*
-0,4327193, -5,089047, 23,64391
-0,4669681, -1,973151, 24,1343
-0,5458002, 1,068893, 24,52765
-0,938006, 2,49135, 24,76018
-2,262885, -0,2136737, 24,93501
-4,001453, -1,66586, 24,96398
-5,719343, -0,7123402, 23,782
-6,234927, -0,3646001, 23,44509
1,056543, 0,03625151, 24,01661
2,338505, -2,193907, 23,97865
3,4369, -4,136355, 23,27668
3,836666, -4,524883, 22,9304
-1,171385, -5,075166, 23,4152
-1,224394, -8,353489, 21,88604
-1,274762, -11,64729, 21,28519
-1,552982, -11,79163, 19,93415
0,3244291, -4,953577, 23,12653
0,2257254, -8,791055, 22,603
-0,02190985, -11,96625, 22,15834
0,3621385, -12,60661, 21,52874
-0,5261422, 0,3175174, 24,45216
-6,591675, -0,1095882, 22,99794
-5,984786, -0,1878936, 23,16417
4,379809, -4,698359, 22,59603
4,199585, -4,223501, 22,734
*
0,06741245, -5,620868, 24,3268
-0,7226339, -2,486068, 23,96189
-1,453543, 0,4959666, 23,4245
-2,03772, 1,851924, 23,32888
-2,73567, -0,6172028, 24,47034
-2,45143, -3,08792, 25,46384
-2,083227, -5,065286, 25,17112
-1,911366, -5,449768, 25,23611
-0,3217826, -0,4190829, 22,76173
1,56327, -1,286376, 21,57536
2,105996, -3,347867, 21,39079
2,177002, -3,876254, 21,315
-0,5486819, -5,691993, 24,21971
-0,8913157, -8,857617, 22,79849
-0,9866306, -11,58089, 21,73706
-1,514323, -11,88339, 20,55832
0,6823223, -5,380315, 23,70218
2,160821, -8,635557, 22,24317
3,122503, -11,40076, 21,53291
2,659428, -11,80348, 20,34572
-1,270036, -0,2376609, 23,59652
-1,745778, -5,974872, 25,04121
-1,981751, -5,694551, 25,02
2,805646, -4,354408, 21,41941
1,942726, -4,058055, 21,34952
*
0,6215391, -5,951482, 23,73
-0,1919048, -2,796273, 24,04928
-0,9506411, 0,3138344, 24,18479
-1,231727, 1,831025, 25,03861
-1,868642, -0,4619515, 25,70633
-0,4855465, -2,806459, 25,96512
-2,196074, -0,7591118, 25,1801
-5,52291, 3,590396, 23,9201
-0,1290781, -0,64129, 23,44165
-2,545509, 0,6924917, 23,31875
-4,866399, 2,065382, 23,61072
-5,269647, 2,490373, 23,7014
0,2089071, -5,986706, 23,50185
-0,8474101, -9,16799, 22,66459
-1,182824, -11,79339, 21,69286
-1,962795, -12,03619, 20,70597
1,012529, -5,731784, 23,22927
2,70161, -8,75431, 22,00382
3,615067, -11,40815, 21,64439
3,594108, -12,08259, 20,88431
-0,7715189, -0,452589, 24,17634
-5,57932, 4,156605, 24,04786
-5,488766, 3,756642, 23,542
-5,65497, 2,905919, 23,68757
-5,472634, 2,956258, 23,48833
*
1,309833, -5,152955, 24,11758
1,382622, -2,092589, 24,80993
1,458663, 0,892768, 25,35087
1,650294, 2,334275, 25,55393
-0,2437519, -0,1424678, 24,89407
-0,8444667, -2,678301, 24,54463
-1,359965, -4,577863, 23,60334
-1,544322, -5,192101, 23,37775
3,088663, -0,1013368, 25,4358
5,289836, -1,143203, 26,03467
7,195428, -0,5535933, 25,69282
7,657371, -0,1853158, 25,47336
0,5502393, -5,059875, 23,69103
-0,2066281, -8,732381, 22,49125
-0,9551882, -11,71217, 21,77744
-0,9256185, -11,8068, 20,368
2,030384, -5,090295, 23,81121
2,533817, -8,596664, 22,83865
2,563327, -11,73746, 22,24221
2,621055, -12,32953, 21,35759
1,440475, 0,1558513, 25,24121
-1,766494, -5,687963, 23,10369
-1,348624, -5,239939, 23,1352
8,09456, 0,3641337, 25,26072
7,770967, -0,261536, 25,182
*
1,70953, -5,806012, 24,44802
2,135293, -2,837428, 24,6637
2,541077, 0,07118766, 24,71864
3,087348, 1,447516, 25,4449
1,994481, 0,03596364, 24,30009
3,879013, 1,989173, 23,66673
5,19226, 3,509763, 23,54029
5,518044, 4,084827, 23,52835
3,173921, -1,08298, 26,02502
4,066341, 0,9897172, 25,04175
5,180649, 3,306427, 23,99068
5,416135, 3,955235, 23,56913
1,214778, -5,613244, 23,90227
-0,5012006, -9,142328, 22,74802
-1,882627, -11,90423, 22,20826
-1,984013, -12,54868, 21,41545
2,10535, -5,869497, 24,1995
2,948888, -9,00703, 23,08105
2,832377, -11,96471, 22,25892
3,579216, -12,24367, 21,2829
2,445558, -0,6434253, 24,7324
5,722703, 4,584834, 23,2972
5,385564, 4,103502, 23,57182
5,689874, 4,393506, 23,35343
5,416698, 4,269011, 23,535
*
0,5087678, -5,345285, 24,53047
0,5244433, -2,232625, 25,14101
0,5117778, 0,8089201, 25,55486
0,2898495, 2,27529, 25,82276
-1,140346, -0,3999425, 25,90982
-2,311134, -2,469144, 26,19244
-4,078384, -3,440001, 25,98739
-4,671649, -3,447418, 25,88451
2,089908, -0,1473173, 24,96144
3,292705, -2,371284, 24,87992
3,730501, -4,52608, 23,83325
3,93143, -5,031399, 23,34723
-0,2384731, -5,319641, 24,32494
-0,7645376, -8,945765, 23,09058
-0,9944847, -11,94795, 22,34986
-1,319852, -12,03223, 20,99099
1,244524, -5,227761, 24,02191
1,966919, -9,103164, 23,03144
2,726408, -12,03385, 22,21695
2,525344, -12,14163, 20,82454
0,516171, 0,05580862, 25,47914
-5,252531, -3,398561, 25,84342
-4,594057, -3,214958, 25,486
4,229014, -5,509207, 22,9047
4,285048, -4,783446, 23,27706
*
-0,2955961, -5,770948, 24,19012
-0,7434192, -2,586925, 24,5944
-1,128711, 0,4217023, 24,82663
-1,222592, 2,19005, 25,79018
-1,842607, -0,6666672, 26,27024
-2,128963, 1,600331, 25,33522
-2,45, 4,187822, 24,35554
-2,666685, 4,789295, 23,98207
-0,2411013, -0,1006041, 24,30615
-1,603848, 2,289138, 23,80636
-2,807879, 4,646462, 24,03094
-2,846529, 5,166902, 23,95425
-0,8217171, -5,800442, 23,92546
-1,636009, -9,04503, 22,95268
-1,04795, -12,00056, 22,22687
-1,471178, -12,59749, 21,55631
0,2318387, -5,549562, 23,72238
1,998083, -8,94457, 22,5086
3,499847, -11,68023, 22,15382
3,563032, -12,36967, 21,43594
-1,034621, -0,3213642, 24,79393
-2,724006, 5,33569, 23,8777
-2,567063, 5,339042, 23,76
-2,811882, 5,807069, 23,75248
-2,583567, 5,252394, 23,78286
*
1,484937, -5,379434, 24,67645
1,522875, -2,326797, 25,31643
1,54869, 0,6533927, 25,81214
1,529169, 2,143015, 25,91843
-0,2247816, -0,4332649, 25,67537
-0,6645664, -3,037374, 25,43636
-1,276338, -4,923972, 24,75342
-1,544644, -5,565298, 24,60246
3,226619, -0,4303944, 25,68425
4,552258, -2,598398, 25,74123
6,264193, -3,861187, 25,0798
6,859357, -4,056588, 24,92215
0,6901551, -5,303461, 24,32989
-0,1335874, -8,843818, 22,88382
-0,9078593, -11,97728, 22,18758
-0,7249525, -12,64776, 21,4562
2,231103, -5,295358, 24,29582
2,650524, -8,610076, 23,30542
2,681496, -12,00709, 22,81966
2,78577, -12,57981, 21,91599
1,544037, -0,08253895, 25,71359
-1,711994, -6,042559, 24,43023
-1,378566, -5,664738, 24,30857
7,317753, -4,226487, 24,80918
6,89711, -3,720082, 24,62546
*
-0,8462009, -5,450111, 24,60196
-1,190969, -2,382979, 25,13333
-1,529969, 0,6077614, 25,51961
-1,418744, 2,032659, 25,63043
-2,687553, -0,3132092, 24,37821
-3,798062, -1,251043, 22,7869
-3,123479, -3,093357, 23,21053
-2,738075, -3,643338, 23,55249
0,1103376, -0,3315347, 26,51507
1,209176, -1,823513, 27,42833
0,4210967, -3,381385, 26,27527
0,2570988, -3,407713, 25,84283
-1,458378, -5,238303, 23,91316
-1,523798, -8,636362, 22,7741
-1,367286, -11,76835, 22,27134
-0,7032012, -11,92281, 21,08877
-0,2231081, -5,507845, 24,57111
0,7211875, -9,56871, 23,47483
2,010347, -12,11464, 22,58786
2,935798, -12,31424, 22,09965
-1,447165, -0,1299756, 25,44817
-2,581231, -4,232009, 23,47124
-2,384968, -3,261904, 23,462
0,2610916, -3,76983, 25,43579
0,06195791, -3,249209, 25,42375
*
1,287248, -5,43974, 24,76748
1,495791, -2,383223, 25,28879
1,694684, 0,6031657, 25,66708
1,36654, 2,023169, 25,8207
-0,06918796, -0,5614538, 26,74168
-1,2743, -2,036614, 27,27936
-0,7402573, -3,711409, 26,14984
-0,3878217, -3,774228, 25,80671
3,039291, -0,2737372, 24,73611
4,808887, -1,18911, 23,81047
3,371927, -2,986244, 24,02374
3,000015, -3,342719, 24,04465
0,6232795, -5,470272, 24,71771
-0,3802482, -9,040748, 23,33054
-1,218884, -11,86928, 22,30603
-1,851979, -11,84112, 21,08065
1,92271, -5,2521, 24,09509
2,376368, -8,780735, 23,05324
2,28973, -11,88268, 22,65166
2,257946, -12,46138, 21,73734
1,64673, -0,134459, 25,59756
-0,1885003, -4,504157, 25,29515
-0,1200356, -3,65067, 25,36125
2,658868, -3,917698, 23,72063
2,724074, -2,969662, 24,05722
*
0,9499974, -5,31258, 24,62809
1,217086, -2,240435, 25,15701
1,482405, 0,7599413, 25,54096
1,367514, 2,109226, 25,81051
-0,2584805, -0,5282688, 26,81606
-1,193685, -2,045316, 27,6111
-0,6286138, -3,541082, 26,24674
-0,4408961, -3,745572, 25,5924
2,501345, 0,01262346, 24,49497
4,092855, 0,5614491, 22,82405
4,906552, 0,9853187, 20,90757
5,503423, 1,147174, 19,82561
0,3643552, -5,377109, 24,65332
-0,5684718, -9,115757, 23,26147
-1,240948, -11,9768, 22,24509
-1,966005, -11,96758, 21,09926
1,518704, -5,101469, 23,90203
2,102426, -8,79299, 22,93433
2,341897, -11,92794, 22,54686
2,208957, -12,50713, 21,64423
1,417892, 0,01929902, 25,47009
-0,3025278, -4,362457, 25,03323
-0,2367788, -3,489663, 25,261
5,889258, 1,196352, 19,21002
5,574611, 1,373503, 19,63667
*
1,323165, -5,603984, 24,51204
1,765889, -2,439388, 25,1331
2,14105, 0,6518933, 25,62874
2,04889, 2,074532, 26,02081
0,3275086, -0,5934885, 26,85648
-0,9019225, -2,009215, 27,47222
-0,4370559, -3,474906, 26,03329
-0,1696269, -3,687881, 25,4171
3,136036, -0,318433, 24,47549
2,880105, -1,906104, 22,64404
1,179671, -0,4965028, 21,72455
0,8443385, -0,473695, 21,61832
0,7186761, -5,61475, 24,41788
-0,3315235, -9,253148, 23,20341
-1,146463, -12,00691, 22,24593
-1,88321, -11,9553, 21,10291
1,889231, -5,420741, 23,85731
2,356727, -8,818634, 22,87956
2,31813, -11,87262, 22,57118
2,275378, -12,49083, 21,71271
2,056655, -0,106539, 25,52825
-0,05013617, -4,294601, 24,94029
0,05972123, -3,383798, 25,02667
0,5935481, -0,2681242, 21,71472
0,7319666, -0,2274213, 21,59834
*
-1,0222, -5,727429, 24,39631
-0,9962255, -2,414537, 25,0059
-1,041111, 0,8266035, 25,45352
-0,5322396, 2,028925, 25,67076
-1,757674, -0,2791862, 23,98003
0,5265678, -0,8726512, 22,98292
2,193379, 0,07483581, 23,53698
2,572342, 0,4323292, 23,77842
0,4288396, -0,6180066, 26,26901
0,6479524, -2,929619, 26,67023
0,5116722, -5,334198, 25,24602
0,2216606, -5,799149, 25,29548
-1,580712, -5,519791, 23,65154
-1,939676, -9,200818, 22,37397
-2,233021, -11,9686, 22,13917
-2,026186, -12,57662, 21,30132
-0,5552388, -5,848402, 24,29644
-0,5644175, -9,072969, 23,81863
-2,924176, -11,5926, 24,57096
-2,659508, -11,79539, 23,02367
-1,027326, 0,01588939, 25,36474
2,89686, 0,8276399, 23,98871
2,54476, 0,2637472, 23,58333
0,2584682, -5,997713, 25,24356
0,3259673, -5,839606, 25,15
*
-0,07485037, -5,598876, 24,44714
0,0230224, -2,469976, 25,02193
0,099099, 0,5896633, 25,44723
0,3288293, 2,037749, 25,54481
-1,089892, -0,296068, 24,0744
-1,365847, -2,02542, 22,85001
0,3404285, -1,07512, 22,11778
0,8784462, -0,7657757, 21,84823
1,307208, -0,6625432, 26,20371
1,291186, -3,411052, 25,75739
1,493721, -5,456703, 24,95657
1,483891, -5,730844, 24,86211
-0,6861427, -5,377415, 23,79792
-0,9636682, -9,072074, 22,46282
-1,305721, -11,92262, 22,29616
-1,004499, -12,54078, 21,52245
0,4693165, -5,681837, 24,43259
0,515906, -9,225961, 23,24887
-0,4279214, -12,63104, 23,50003
-0,1589204, -13,34521, 22,95056
0,0818225, -0,1650711, 25,36656
1,33813, -0,6043025, 21,36696
0,6774743, -0,6887277, 21,45
1,552183, -6,050436, 24,72199
1,192421, -5,617451, 24,80182
*
-1,082092, -5,617995, 24,61429
-0,9619189, -2,43525, 25,12695
-0,9023538, 0,6648034, 25,50677
-1,243431, 2,050695, 25,69692
-2,628803, -0,5780208, 26,05048
-2,702842, -3,259666, 26,5025
-3,071018, -2,614865, 24,29198
-3,262867, -2,583494, 23,93451
0,5531613, -0,4999388, 24,82086
0,8619107, -2,722317, 24,428
-0,0468404, -4,148241, 23,19329
-0,5275007, -4,653877, 23,05057
-1,780778, -5,563945, 24,49958
-2,0264, -9,151087, 23,24812
-1,885285, -12,15112, 22,98384
-1,932455, -12,72086, 22,06522
-0,418083, -5,486364, 23,98346
0,1373119, -9,113414, 23,06906
0,886251, -12,3481, 23,46832
1,317525, -12,84832, 22,63245
-0,9178033, -0,09073396, 25,43813
-3,393799, -2,609169, 23,57707
-3,1172, -2,346428, 23,96214
-0,9254709, -4,963698, 22,58515
-0,6485637, -4,462668, 22,59228
*
-0,5661093, -5,585743, 25,17086
-0,4523529, -2,50116, 25,73629
-0,398103, 0,5027655, 26,14956
-0,6353247, 1,961036, 26,30078
-2,25855, -0,4699455, 26,17784
-3,51403, -1,844866, 26,9442
-2,614724, -3,067093, 25,47737
-2,502199, -3,245342, 25,72513
1,210783, -0,6646215, 26,05615
1,571138, -3,188086, 25,82164
1,265433, -4,486918, 24,18609
1,117226, -4,789594, 24,0659
-1,359446, -5,485979, 24,88325
-1,773486, -8,997996, 23,54193
-2,146581, -12,21103, 23,31543
-1,995508, -12,69306, 22,30718
0,1320093, -5,462241, 24,68596
0,6958207, -8,899797, 23,22351
1,145117, -12,08625, 22,67005
0,8892416, -12,63498, 21,77177
-0,411918, -0,2308658, 26,06785
-2,227814, -3,900307, 25,10513
-2,742731, -3,630669, 25,82
0,8227563, -5,345096, 23,99892
1,42187, -4,645056, 23,56964
*
1,075594, -6,272237, 26,48474
0,9294783, -3,200163, 26,31254
0,7741669, -0,1986674, 26,00912
0,6648794, 1,305597, 25,96888
-0,8692822, -1,253128, 25,96739
-2,057629, -3,452462, 26,14051
-3,356715, -4,959284, 25,45126
-3,922893, -5,435145, 25,15327
2,392812, -1,131687, 25,98321
3,396284, -3,399621, 26,96723
4,066338, -5,438203, 26,87576
4,163547, -6,047983, 26,77254
0,2425701, -6,24003, 26,11197
0,169395, -9,456678, 24,5232
0,03217184, -12,59514, 24,30657
-0,04965912, -12,99419, 23,22021
1,878788, -6,130906, 26,12835
2,623792, -8,939095, 24,14405
2,820597, -12,44345, 24,55746
2,869362, -13,12503, 23,80267
0,8148639, -0,9397447, 26,1115
-4,341752, -5,837027, 24,89176
-3,764851, -5,610505, 25,04546
4,148012, -6,566168, 26,59844
4,469081, -5,870935, 26,50941
*
-0,9238425, -5,513187, 25,29998
-0,8285353, -2,487264, 25,91418
-0,7640131, 0,4959567, 26,45541
-0,748862, 1,984157, 26,7323
-2,504722, -0,6376396, 26,51377
-2,930353, -2,884926, 25,99548
-4,419326, -3,398783, 24,61399
-5,253845, -3,595109, 24,10422
0,8561407, -0,6101464, 26,05893
1,959761, -3,013315, 26,2995
3,445194, -4,226156, 25,54632
3,926923, -4,506422, 25,43622
-1,661715, -5,437799, 24,97193
-1,499282, -8,841529, 23,1785
-1,401832, -11,97645, 22,54552
-1,50343, -12,09681, 21,14684
-0,1474963, -5,427246, 24,90131
0,1380783, -9,165596, 23,63838
0,03294398, -12,59109, 24,15273
0,208551, -13,28142, 23,45566
-0,7767695, -0,2392523, 26,34442
-5,726947, -3,568062, 23,87293
-5,250424, -3,843998, 23,90334
4,31007, -4,815635, 25,36053
4,160883, -4,252563, 25,47933
*
-0,8482659, -5,335469, 24,46207
-0,8003572, -2,394845, 25,08479
-0,7096647, 0,5870477, 25,59944
-0,6364293, 2,047266, 25,78416
-2,37072, -0,3641493, 25,37861
-3,757208, -2,455283, 25,23006
-5,279572, -3,456093, 24,24809
-5,954953, -3,743756, 24,07038
0,9816862, -0,4942346, 25,64804
1,869523, -2,670298, 26,0211
2,73609, -3,956979, 24,59023
2,961473, -4,326642, 24,09355
-1,588298, -5,251534, 24,03451
-1,595566, -7,908343, 22,00607
-1,494676, -11,4625, 21,64107
-1,360516, -11,66517, 20,26682
-0,08607608, -5,252385, 24,15487
0,3539558, -7,671342, 21,83348
0,2773811, -11,22877, 21,86086
0,3533085, -11,56526, 20,53659
-0,7303207, -0,1470771, 25,47279
-6,426491, -3,937613, 23,86363
-5,976261, -4,039679, 23,68952
3,129433, -4,549352, 23,71286
3,096344, -4,063056, 23,78043
*
-1,214235, -6,100173, 24,11609
-1,136208, -2,953834, 24,15697
-1,054181, 0,1346931, 24,05788
-1,063897, 1,58716, 24,2051
-2,717073, -0,9077596, 23,98899
-3,96454, -2,952629, 23,67107
-5,406015, -3,927687, 22,53746
-6,045317, -4,164785, 22,09488
0,6384629, -0,9938217, 23,88783
2,018618, -3,374519, 23,91122
3,431436, -4,776546, 23,46073
3,941851, -5,104177, 23,47406
-2,072997, -5,971235, 23,76528
-1,676028, -7,827988, 20,89131
-1,60643, -11,37494, 21,04454
-1,602095, -11,73285, 19,73525
-0,3186739, -6,044335, 23,73914
0,1411773, -7,60218, 20,27556
0,1860393, -10,20383, 18,81857
0,1605493, -10,24689, 17,3962
-1,075577, -0,6293461, 24,10766
-6,521898, -4,282356, 21,8539
-5,815116, -4,418127, 21,9219
4,369019, -5,285617, 23,37386
3,630746, -5,339431, 23,32948
*
0,2029963, -6,345425, 26,20314
-0,03862456, -3,286126, 26,91875
-0,2762649, -0,2938054, 27,48651
-0,06822231, 1,107356, 27,8105
-1,743445, -1,379838, 26,95763
-3,06691, -3,440087, 26,72915
-5,059167, -3,744162, 25,53699
-5,679605, -3,532521, 25,14362
1,326146, -1,654688, 27,95817
2,285323, -3,937266, 27,8447
4,132382, -4,740633, 27,60714
4,67694, -4,571133, 27,60041
-0,5336671, -6,168635, 25,62716
-0,1962581, -9,850727, 24,22687
-1,589356, -12,87652, 24,20157
-0,8525521, -13,15208, 23,24886
0,9389976, -6,355855, 26,0391
1,021057, -9,81923, 24,69566
0,1074155, -13,13402, 24,70355
0,4825705, -13,41533, 23,63027
-0,2175232, -1,033899, 27,37026
-6,090727, -3,353211, 24,73072
-5,576343, -3,662907, 24,76882
5,267673, -4,412498, 27,5732
4,75102, -4,226246, 27,518
*
0,23692, -5,128811, 26,41203
-0,03448496, -2,357508, 27,24012
-0,2654765, 0,2967741, 27,87842
-0,2054574, 2,048872, 28,25962
-1,523314, 0,04873911, 27,134
-2,870275, 2,100537, 26,21234
-2,198224, 4,080704, 26,29985
-2,193245, 4,499295, 26,20603
1,10413, 0,2995266, 28,54853
2,276459, 2,12681, 28,55365
2,228933, 4,112863, 28,04137
2,144813, 4,753558, 27,95133
-0,3856359, -4,945829, 25,77332
-0,5687359, -9,070308, 24,41734
-1,459856, -12,71592, 23,85665
-0,812591, -13,15414, 23,15506
0,8578824, -5,164274, 26,31387
1,079008, -9,342926, 25,29457
0,400692, -12,94073, 24,75906
0,7368413, -13,30168, 23,7193
-0,2071875, -0,3354366, 27,75964
-1,927651, 4,865192, 26,37265
-2,271941, 4,831218, 26,295
1,720735, 5,341704, 28,0066
2,411461, 4,671713, 27,765
*
-0,6048742, -5,752743, 25,76547
-0,7128045, -2,724801, 26,42404
-0,7665611, 0,2384767, 26,92266
-0,9882513, 1,710537, 27,06977
-2,482616, -0,9601874, 26,71191
-2,577361, -3,350255, 26,06197
-2,437806, -5,387473, 24,54971
-2,429667, -5,754381, 24,13684
0,818054, -0,7278385, 26,36119
0,915958, -2,975093, 25,46104
0,4057289, -4,573076, 24,20799
-0,08008334, -5,123972, 23,84161
-1,33542, -5,728958, 25,47144
-1,774287, -9,27538, 24,08222
-1,828563, -12,54585, 23,69727
-1,777251, -12,94601, 22,61099
0,1478634, -5,614063, 25,32744
0,9972819, -9,04784, 23,77546
1,603592, -12,4949, 23,42427
1,872003, -13,0075, 22,50461
-0,7565899, -0,495234, 26,82698
-2,409622, -6,211839, 23,82682
-2,211015, -5,998379, 24,29375
-0,3336611, -5,58259, 23,43924
0,2481668, -5,593817, 24,2325
*
0,01513993, -5,734082, 25,78752
-0,04400481, -2,735354, 26,56799
-0,07932533, 0,1952087, 27,23377
-0,1379891, 1,623469, 27,4145
-1,384662, -0,76065, 26,25075
-2,519075, -0,03272793, 24,5525
-2,762569, 1,970201, 24,69454
-2,918219, 2,446591, 24,78857
1,627599, -0,5902512, 27,04198
3,089556, 0,7558897, 26,0144
1,494888, 1,954222, 25,44493
0,9984189, 2,227769, 25,32639
-0,7407398, -5,593342, 25,28339
-1,686066, -9,267435, 24,27797
-2,399853, -12,48, 23,8886
-2,223138, -12,87537, 22,80994
0,774538, -5,705159, 25,54304
1,735211, -9,183172, 24,29574
2,233037, -12,57799, 23,53127
2,607281, -12,9964, 22,57909
-0,07187472, -0,5282695, 27,09007
-3,243369, 2,930105, 25,06773
-3,216892, 2,582612, 24,66539
0,4812458, 2,457441, 25,38661
1,141016, 2,460562, 25,13826
*
0,08955146, -5,789598, 25,52989
0,007697066, -2,706559, 26,02127
-0,07576924, 0,3130003, 26,36329
-0,2282802, 1,820517, 26,69564
-1,727688, -0,9045687, 26,16103
-2,274952, -2,961131, 26,06237
-3,712741, -2,484122, 24,59613
-4,003167, -2,071127, 24,42863
1,642655, -0,6541313, 26,24343
2,340755, -2,830463, 25,77257
0,8223946, -1,843549, 24,49918
0,7116544, -1,747142, 24,05246
-0,6523621, -5,706717, 25,17681
-1,504827, -9,274721, 23,9524
-2,248144, -12,45221, 23,66841
-2,162688, -12,88938, 22,61171
0,8197231, -5,701334, 25,13987
1,861343, -9,173092, 23,94227
2,181495, -12,48708, 23,22136
2,621684, -13,00806, 22,44456
-0,0549482, -0,4339091, 26,30322
-4,233288, -1,653568, 24,23092
-3,797388, -1,716467, 24,264
0,6136591, -1,479582, 23,70839
0,8195425, -1,972541, 23,71474
*
0,5084875, -5,42242, 25,42118
0,4705161, -2,392512, 26,1689
0,4273935, 0,5658149, 26,77322
0,3333068, 1,990622, 27,16252
-1,209185, -0,395244, 25,93688
-2,865341, 0,9074193, 25,13455
-2,752081, 3,052022, 26,71413
-2,746861, 3,164221, 26,70895
1,978214, -0,2887185, 26,5114
3,192916, 1,245905, 25,76052
2,218296, 2,988173, 26,04529
1,759475, 3,492428, 26,31325
-0,2571764, -5,307059, 24,97677
-1,087559, -8,965923, 23,82474
-1,796241, -12,43723, 23,58852
-1,833401, -12,89568, 22,55075
1,249383, -5,386973, 25,12386
2,141934, -9,219473, 24,02603
2,570056, -12,46932, 23,16994
2,968161, -13,00464, 22,37939
0,4388227, -0,1650547, 26,64731
-2,47358, 3,560001, 27,03221
-2,876562, 3,321904, 26,59273
1,338036, 4,003355, 26,51057
1,610952, 3,736094, 25,96
*
0,5536026, -5,658638, 25,47306
0,5462636, -2,619732, 26,07503
0,530768, 0,3501919, 26,51425
0,4526654, 1,870145, 26,75894
-1,203705, -0,8002109, 26,28795
-1,925861, -3,04027, 26,32727
-3,310236, -2,694784, 24,74158
-3,676567, -2,560205, 24,01528
2,173872, -0,63572, 26,28147
2,864354, -2,470366, 25,03317
1,032944, -2,079207, 24,08489
0,5771907, -2,015312, 23,97198
-0,1880355, -5,551927, 25,12491
-1,088364, -9,16346, 23,95223
-1,700558, -12,45878, 23,75625
-1,69654, -12,89457, 22,69535
1,278623, -5,602157, 25,08901
2,208141, -9,197381, 23,95797
2,775743, -12,47284, 23,14564
3,190354, -13,02159, 22,39514
0,5352586, -0,3837952, 26,43099
-3,70496, -2,488079, 23,57222
-3,511714, -2,863712, 23,70539
0,07507904, -2,070871, 23,95677
0,6060144, -1,874763, 23,59111
*
-2,445136, -5,514766, 25,3359
-2,271463, -2,479083, 26,07129
-2,09408, 0,4868702, 26,66297
-2,034319, 1,876893, 26,96632
-3,793322, -0,7819299, 26,84107
-4,637117, -3,078134, 27,04809
-5,06803, -4,942844, 26,28915
-5,2245, -5,578719, 25,75635
-0,6851097, -0,2308328, 26,11394
0,8933194, 1,640348, 25,3849
-0,01263638, 3,45453, 25,14513
-0,5696269, 3,988215, 25,18912
-3,142775, -5,469911, 25,10592
-3,690209, -9,240169, 24,00251
-3,564191, -12,5943, 23,78094
-3,886238, -13,09006, 22,88521
-1,6775, -5,400615, 24,83614
-0,9433877, -9,091493, 23,52872
-0,08902881, -12,39566, 23,80125
0,07234223, -12,97315, 22,90418
-2,139608, -0,2460381, 26,54021
-5,278596, -6,013854, 25,51399
-5,502999, -5,699163, 25,54286
-1,001443, 4,466797, 25,23174
-0,301127, 3,900106, 24,77
*
3,956859, -5,317573, 24,91294
3,848427, -2,381109, 25,78147
3,726809, 0,4827678, 26,50686
3,843158, 1,909031, 26,6746
2,213598, -0,1650557, 25,91751
0,7522672, 1,390986, 25,12879
1,470401, 3,741943, 24,96601
1,719891, 4,209176, 25,04072
5,482829, -0,6074834, 26,73993
6,30586, -3,106242, 27,34315
7,083586, -4,940692, 26,94892
7,281961, -5,560708, 26,79224
3,183992, -5,185502, 24,38943
2,669536, -9,027666, 23,13581
1,275073, -12,24243, 23,47548
1,108325, -12,67929, 22,42927
4,61876, -5,291084, 24,70785
5,198589, -9,050988, 23,49652
5,20241, -12,05289, 22,79768
5,429683, -12,13869, 21,42859
3,759949, -0,2243547, 26,35059
2,059063, 4,655387, 25,16884
2,001104, 4,078216, 25,05111
7,40629, -6,056757, 26,62205
7,47848, -5,654928, 26,47
*
-2,596661, -5,630613, 25,21996
-2,420401, -2,52754, 26,03193
-2,24485, 0,4984489, 26,69729
-2,060568, 1,824283, 27,15442
-3,722469, -0,8446528, 26,51182
-3,961366, -3,591547, 26,39709
-3,873841, -5,25704, 24,54288
-3,789311, -5,784736, 23,23236
-0,9586033, -0,2721379, 26,08655
0,7122818, 1,873746, 25,36443
2,035392, 3,717885, 25,21181
2,458596, 4,264716, 25,16602
-3,276947, -5,541677, 24,96174
-4,108641, -9,259283, 23,92699
-4,506589, -12,41504, 23,52102
-4,461602, -12,97352, 22,58361
-1,841113, -5,556887, 24,74792
-0,5211766, -9,356703, 23,94407
1,107453, -12,25378, 23,53405
1,145977, -12,82775, 22,61286
-2,289505, -0,2488227, 26,55626
-3,807129, -6,064172, 22,94208
-3,439624, -5,496364, 22,90952
2,792021, 4,782418, 25,2321
2,031912, 4,2249, 25,25111
*
2,309117, -5,412166, 25,06946
2,19907, -2,384275, 25,99325
2,086919, 0,5690302, 26,78105
2,161314, 1,896119, 27,08632
0,7280183, -0,1003082, 25,88981
-0,8291456, 1,977912, 25,02466
-2,274166, 3,935914, 24,51543
-2,607141, 4,273505, 24,55232
3,541791, -0,6554841, 27,24565
3,90543, -3,389218, 27,10919
3,502487, -4,835691, 24,70233
3,270305, -5,276861, 24,35491
1,583864, -5,236631, 24,57185
0,5708466, -8,976351, 23,28847
-0,6299243, -12,32789, 23,1673
-0,3560137, -12,91867, 22,33521
2,972193, -5,428699, 24,83519
4,174021, -9,217723, 23,84009
5,007756, -11,93826, 22,71615
5,528473, -11,83891, 21,44553
2,116083, -0,1598051, 26,60896
-2,997291, 4,717201, 24,62763
-2,862048, 4,127925, 24,18864
2,953089, -5,340261, 23,99805
3,457056, -5,409401, 24,21136
*
0,8530064, -5,663189, 25,30984
0,8491108, -2,700208, 25,99097
0,8781409, 0,2338472, 26,56153
0,8994407, 2,016497, 27,4314
-0,3557283, -0,700615, 27,23695
-0,6694111, -3,443098, 26,99581
-0,901913, -5,622377, 26,07871
-1,084589, -5,977358, 26,09441
2,047052, -0,6159461, 25,60005
2,58178, 0,2815506, 22,89011
1,07957, 0,8659403, 21,12092
0,5178403, 1,179169, 20,81881
0,2040149, -5,665268, 25,17585
-0,3891285, -9,314633, 24,09695
-0,6927581, -12,38204, 23,48165
-0,8500342, -12,84941, 22,4676
1,486017, -5,498519, 24,70931
2,585113, -8,911148, 23,61597
3,653672, -12,06009, 22,83501
3,55673, -12,63976, 21,92415
0,873248, -0,4978686, 26,43747
-1,091402, -6,363748, 25,86319
-1,135462, -5,83902, 25,70715
0,007180772, 1,314514, 20,65428
0,3217568, 0,8087566, 20,41273
*
1,54989, -6,022629, 25,26247
1,627361, -3,126337, 25,9186
1,708805, -0,2706873, 26,43099
1,913717, 1,517435, 27,15107
0,619083, -0,8602504, 27,23088
0,3016019, -3,602165, 26,99156
-0,1662624, -5,577245, 25,03531
-0,2831476, -5,91693, 24,81061
2,856204, -1,113225, 25,42399
2,515684, -0,138135, 23,01107
1,55764, 0,7798758, 20,49139
1,435005, 1,185738, 20,36761
0,9058761, -6,007054, 25,17606
-0,00919887, -9,471101, 24,01832
-0,5049783, -12,43396, 23,2588
-0,8765934, -12,90605, 22,34232
2,14592, -5,862741, 24,61778
3,061414, -9,375002, 23,79567
3,724242, -12,12665, 23,20853
3,600212, -12,59985, 22,18358
1,688999, -0,9795648, 26,32719
-0,4888146, -6,4493, 24,53547
-0,08199112, -5,851691, 24,42818
0,9070985, 1,283396, 20,01019
1,569947, 1,68554, 20,26052
*
0,8421134, -5,474854, 22,80188
0,8203226, -2,415367, 23,29208
0,7990513, 0,5570118, 23,63089
1,00596, 2,100367, 23,66449
-0,6293174, -0,3488913, 23,02933
-0,951874, -2,234712, 22,12779
0,8717483, -2,205932, 21,09174
1,527286, -1,854806, 20,84932
2,453673, -0,5897934, 23,53258
2,468968, -2,918604, 22,76337
1,237724, -3,676749, 21,13699
0,9379773, -4,037158, 21,5446
0,1174101, -5,312057, 22,30462
-0,06949458, -8,79815, 20,86436
-0,9199904, -11,77588, 21,72788
-0,828748, -12,54484, 21,28048
1,542228, -5,454199, 22,56809
1,573814, -8,335725, 20,76729
1,125816, -11,22582, 20,77559
1,186719, -11,56619, 19,45829
0,804794, -0,175319, 23,57192
1,934457, -1,688861, 20,79208
1,636107, -1,589336, 20,76375
0,8959336, -4,614118, 21,6387
1,080366, -4,688746, 21,445
*
0,8925647, -5,575265, 19,96266
0,9025762, -2,471099, 20,36085
0,911608, 0,5427463, 20,58622
0,9152733, 2,096753, 20,67679
-0,676392, -0,6113699, 20,04021
-0,7434232, -2,778317, 19,4786
0,03726876, -3,884611, 17,83952
0,3833659, -4,227776, 17,2122
2,468836, -0,7049434, 20,63756
2,44778, -3,174281, 19,98494
2,118078, -4,755475, 18,28991
2,045261, -5,161717, 17,82876
0,04327863, -5,434807, 19,45123
-0,06310961, -8,406665, 17,93699
-0,5595124, -10,59103, 19,1453
-0,6102423, -11,06235, 18,12683
1,707646, -5,512132, 19,74919
1,370661, -8,161943, 17,7522
1,039022, -11,66908, 17,09396
1,166325, -11,89388, 15,74618
0,9084227, -0,1975196, 20,55607
0,5130109, -4,469968, 16,79437
0,4804719, -4,138903, 16,69727
1,958446, -5,394917, 17,34957
2,315477, -5,668569, 17,93833
*
2,403786, -5,734752, 23,72815
2,441303, -2,612451, 24,29454
2,464451, 0,4311186, 24,71503
2,819189, 1,779268, 25,02514
1,159088, -0,6474851, 23,7709
0,2872294, -2,700855, 23,29332
1,148625, -3,469306, 21,51361
1,335502, -3,426955, 20,91491
3,859224, -0,9951142, 25,30044
3,940701, -3,591463, 25,00649
4,800446, -4,851901, 23,57321
5,221863, -4,978468, 23,18481
1,691015, -5,493705, 23,03377
1,703493, -8,718806, 20,5093
-0,05721141, -11,57926, 20,15521
0,6744564, -10,95929, 19,27327
3,042428, -5,800131, 23,69646
3,489223, -9,408665, 22,57856
1,384108, -10,53339, 19,84472
0,5373214, -10,91266, 19,32727
2,461112, -0,3200797, 24,63509
1,494961, -3,40125, 20,59823
1,289256, -3,212723, 20,555
5,449405, -5,217185, 22,88927
5,504687, -4,76549, 23,1125
*
0,9013313, -6,865915, 27,71821
0,9326671, -3,641588, 28,12091
0,9630787, -0,4837219, 28,37965
1,218371, 0,7972952, 28,68437
0,1079838, -1,61324, 27,27503
-1,693981, -2,510015, 25,59794
-0,7731894, -1,306846, 24,1162
-0,7702972, -1,104504, 24,01659
2,05758, -2,005332, 29,17932
2,705464, -3,78518, 30,4791
4,551995, -3,120362, 29,85324
4,692647, -2,693358, 29,60243
0,3051873, -6,624843, 27,05975
0,401657, -9,988596, 24,92483
-0,6534513, -12,8916, 24,2367
-0,08225933, -13,26543, 23,36805
1,465689, -6,930978, 27,64952
2,069442, -10,6918, 27,41823
1,243129, -14,10679, 27,79863
1,525671, -14,658, 26,91585
0,9558265, -1,26523, 28,34041
-0,5866899, -0,7605816, 23,74655
-0,9128221, -0,7574041, 23,9025
4,861267, -2,609837, 29,61246
4,545259, -2,477123, 29,182
*
0,9536868, -6,360579, 30,30212
0,9288962, -3,345568, 30,71151
0,8922142, -0,3753857, 30,95673
1,014198, 1,028147, 31,2684
-0,8684658, -1,193381, 30,6636
-2,943931, -1,115197, 30,4817
-4,295721, -2,295564, 28,96965
-4,800975, -2,692696, 28,41411
2,613654, -1,299387, 31,24602
4,692434, -1,998416, 31,97554
6,515889, -2,033087, 31,00131
6,675701, -1,975677, 30,60464
0,2111686, -6,257281, 29,85502
-0,5510161, -10,29635, 28,49335
-1,441461, -13,66935, 27,67972
-1,654668, -14,36242, 26,5977
1,673164, -6,309272, 30,01311
2,491374, -10,42766, 29,32698
3,122263, -14,10681, 29,41809
3,267627, -14,7196, 28,55495
0,9018525, -1,112858, 30,92257
-5,092478, -3,06551, 28,04697
-4,708852, -3,080949, 28,1275
7,266328, -1,898937, 29,90715
6,665487, -1,965949, 30,6175
*
0,5112506, -5,953321, 28,64681
0,6189821, -2,931072, 29,06435
0,7196281, 0,03248661, 29,33708
0,785783, 1,449283, 29,4886
-1,135758, -0,8068115, 29,31558
-3,282767, -1,00384, 29,50188
-4,623226, -1,760643, 27,96344
-5,077487, -2,180673, 27,26536
2,393895, -0,8612986, 29,39814
4,508019, -1,606087, 29,89834
6,252372, -1,880605, 28,81002
6,561409, -1,872663, 28,19737
-0,2431957, -5,859935, 28,28903
-1,274588, -9,867289, 27,03675
-2,220411, -13,22779, 26,23181
-2,317473, -13,73608, 25,1641
1,252928, -5,894392, 28,26518
2,072172, -9,991917, 27,29471
2,861394, -13,39596, 27,07819
2,841332, -13,87175, 26,04075
0,6958666, -0,7010147, 29,29415
-5,227296, -2,486692, 27,03464
-5,33949, -2,093513, 27,132
6,883972, -1,93282, 27,71844
6,371006, -2,050647, 27,768
*
-1,169762, -5,630211, 27,19956
-1,354076, -2,782339, 27,95208
-1,561434, 0,0005440514, 28,57083
-1,34211, 1,373001, 28,76941
-2,908131, -0,6412452, 28,18917
-3,313968, 1,957343, 27,16776
-1,538388, 3,968523, 26,84111
-1,187761, 4,551849, 26,91435
0,3760052, -0,8544591, 28,59473
2,41033, -0,7668388, 28,50968
4,053523, -0,4559387, 27,25259
4,942661, -0,2359392, 26,82761
-1,9127, -5,512282, 26,68291
-2,486148, -9,607605, 25,46923
-2,898041, -13,00714, 25,23767
-2,864666, -13,31876, 24,08767
-0,3981919, -5,591802, 26,97054
1,315437, -8,951043, 25,47714
3,078249, -12,00922, 24,86924
3,466764, -11,98438, 23,51207
-1,50871, -0,6867205, 28,44002
-0,6661562, 5,08961, 27,06288
-1,505264, 4,780475, 27,11786
5,445887, 0,01051037, 26,57699
5,035342, -0,5697436, 26,6275
*
2,759312, -4,844461, 25,90352
2,91237, -2,049028, 26,63031
3,047385, 0,6806049, 27,21922
2,985877, 2,128527, 27,38009
1,324334, -0,1215975, 27,2579
-0,7714674, -0,8296213, 27,24078
-3,239613, -1,80088, 26,68554
-3,759219, -1,945046, 26,60471
4,354262, 0,2617618, 26,93694
4,850123, 2,458468, 26,78456
3,558604, 4,632449, 26,56985
3,028561, 5,112074, 26,56186
1,952432, -4,779464, 25,65359
0,5724491, -8,634495, 24,22999
-0,7106183, -11,91457, 23,54517
-1,059774, -11,93275, 22,17014
3,482013, -4,770436, 25,41446
4,383459, -8,655988, 24,28336
5,281703, -12,06597, 23,69958
5,241957, -12,21537, 22,301
3,016681, 0,006220125, 27,09666
-4,241901, -2,069744, 26,50716
-3,687053, -2,20265, 26,34684
2,703711, 5,611894, 26,52651
2,913478, 5,332102, 26,18214
*
-1,912481, -5,296839, 26,29993
-2,237489, -2,315993, 27,02357
-2,542332, 0,6017023, 27,6157
-2,179388, 1,83987, 27,83603
-3,521147, -0,3632577, 26,52724
-3,736885, 2,036838, 25,55643
-2,847393, 3,730309, 26,11357
-2,646153, 4,090743, 26,73227
-0,7447534, -0,4226587, 28,47847
1,152415, -0,578585, 29,03071
2,930483, -0,6517666, 27,41152
3,307416, -0,7006199, 26,91018
-2,474652, -5,165177, 25,62693
-2,954826, -9,285191, 24,60828
-3,463016, -12,75697, 24,30317
-3,331117, -13,12895, 23,19937
-1,289036, -5,278618, 26,23618
0,336017, -8,693743, 24,61579
1,662533, -11,95877, 23,95819
2,377448, -11,91765, 22,79286
-2,468783, -0,119833, 27,49212
-2,47675, 4,43408, 26,95366
-2,698301, 4,453424, 26,71286
3,724192, -0,5651881, 26,3809
3,430884, -0,2063827, 26,51667
*
4,933059, -5,86962, 27,57034
4,952872, -2,9907, 28,08139
4,890801, -0,1880045, 28,62748
5,097846, 1,262329, 28,68018
3,249102, -1,072111, 28,60001
1,781126, -2,500541, 28,3377
2,549225, -2,363533, 26,35674
2,640962, -2,196114, 26,2224
6,499644, -0,9428796, 28,24511
7,886492, 0,1350543, 26,81605
6,541551, 1,955569, 26,89523
6,213923, 2,19925, 27,07203
4,100841, -5,804454, 27,21507
3,243587, -9,231806, 24,81755
2,450548, -12,58798, 24,60197
2,29416, -13,04532, 23,56483
5,641579, -5,785242, 27,17647
6,04507, -9,325224, 25,55688
6,060555, -12,68116, 25,11109
5,897499, -13,13162, 24,06358
4,918952, -0,8844498, 28,49636
2,767818, -2,134342, 26,0644
2,36677, -2,132661, 25,923
5,84023, 2,516062, 27,38622
6,403048, 2,363507, 27,07384
*
-2,042168, -5,813389, 26,32929
-1,951717, -2,766831, 27,1367
-1,864441, 0,2151848, 27,79411
-2,061234, 1,619071, 28,19976
-3,630054, -1,188883, 27,96997
-3,725715, -3,711572, 27,49683
-3,967712, -5,89237, 26,86003
-4,086184, -6,562283, 26,71976
-0,409431, -0,865455, 27,05986
0,2439898, -2,917223, 26,26049
-1,539493, -2,783166, 24,96715
-1,793435, -2,76943, 25,00939
-2,728181, -5,795364, 26,1198
-2,848884, -9,704715, 24,76306
-2,741887, -12,68968, 24,37135
-2,63387, -13,05351, 23,25862
-1,304163, -5,66776, 25,79893
-0,7293724, -9,252712, 24,00554
-0,1346399, -12,60416, 24,36853
-0,1427115, -13,18986, 23,45745
-1,886672, -0,5223308, 27,65553
-4,168331, -6,955801, 26,68356
-3,991642, -6,420275, 26,39063
-2,138507, -2,786198, 24,70508
-1,710469, -2,617007, 24,45059
*
1,795089, -5,602557, 26,22219
1,901783, -2,660474, 26,97086
2,004001, 0,210025, 27,59389
2,190822, 1,639578, 27,85045
0,2566278, -0,768153, 27,39025
-0,405757, -3,23392, 27,06125
-0,8585042, -5,243621, 26,10226
-0,9559836, -5,882977, 25,88968
3,846283, -0,5163349, 27,44286
5,647819, 0,9139112, 27,21675
7,173527, 2,191023, 26,81102
7,64841, 2,765361, 26,77155
1,044997, -5,532854, 25,81878
0,02373483, -9,603817, 24,89099
-1,259478, -12,8698, 24,16331
-2,29248, -13,11523, 23,61328
2,499173, -5,507985, 25,89236
2,880024, -9,159558, 24,72585
2,830523, -12,32841, 24,30635
2,685701, -12,79097, 23,26947
1,980576, -0,4985813, 27,46211
-1,073682, -6,405494, 25,70511
-0,6946278, -5,919916, 25,63364
7,963673, 3,255348, 26,6084
7,902641, 2,984226, 26,29545
*
0,1618343, -9,091972, 25,64957
0,1042274, -5,872375, 26,0299
0,04530836, -2,707225, 26,25885
-0,3554815, -1,495235, 26,66007
-0,9984505, -3,822702, 27,45674
-1,140791, -6,509851, 26,77899
-1,849353, -8,824334, 25,41312
-1,899566, -8,581139, 25,14645
0,6297469, -3,869221, 24,95735
-1,909714, -3,370755, 23,78929
-3,863027, -2,921224, 23,35312
-4,45583, -2,995934, 23,18577
-0,3430973, -9,090465, 25,68525
-3,180297, -10,18498, 24,55172
-1,512934, -13,06056, 24,00402
-2,210113, -13,34929, 23,25558
0,6632972, -8,843403, 24,90623
0,1939476, -11,44507, 22,95299
2,923923, -12,39205, 23,51367
2,596934, -12,97378, 22,6768
0,06026657, -3,49228, 26,22775
-1,980837, -8,561088, 24,98951
-2,009211, -8,470134, 24,92
-4,956546, -3,102894, 23,01055
-4,647447, -3,229244, 22,6
*
0,9933276, -10,49812, 24,29536
0,7798261, -7,497596, 25,1809
0,5691321, -4,529426, 25,91172
0,08080863, -3,386144, 26,36458
-0,4764286, -5,638676, 27,10965
-1,216413, -7,716372, 26,07058
-1,944257, -9,770414, 24,90571
-2,115501, -10,27002, 24,59251
1,157493, -5,456981, 24,54243
1,411266, -7,737265, 23,51209
0,8957055, -9,835524, 22,52848
0,6448591, -10,35108, 22,32942
0,557475, -10,62995, 24,44074
-2,463359, -9,786939, 25,05998
-1,593911, -13,0959, 23,94105
-2,37005, -13,28115, 23,23837
1,403911, -10,06293, 23,46771
-1,104905, -11,7845, 22,42544
2,254205, -12,81315, 23,0558
2,601545, -13,30966, 22,17584
0,622291, -5,267697, 25,75492
-2,261212, -10,85681, 24,62072
-1,76091, -10,22398, 24,31864
0,07514984, -10,71566, 21,92501
0,8901965, -10,19053, 21,90899
*
0,07832155, -5,966978, 26,74509
0,04180337, -2,895962, 27,20598
0,01102016, 0,1194301, 27,54701
-0,3839908, 1,48597, 27,74903
-1,524838, -1,320065, 28,41858
-1,505399, -3,788007, 28,3203
-1,697672, -5,823536, 26,97287
-1,831215, -6,155443, 26,6155
1,439813, -0,6050182, 26,78351
3,356106, -1,455947, 26,27198
2,059602, -3,050203, 25,65347
1,767976, -3,367491, 25,71875
-0,5617709, -6,027907, 26,69578
-1,543293, -9,701782, 25,35604
-1,503229, -12,74872, 24,61429
-1,719317, -13,12389, 23,522
0,7173116, -5,734152, 26,06208
1,697641, -9,151667, 24,55974
2,934919, -12,43441, 23,97326
2,824913, -12,90123, 22,93987
0,01797422, -0,6250937, 27,48388
-1,922003, -6,687674, 26,23984
-1,626891, -6,261242, 26,175
1,560244, -3,995891, 25,71208
1,495935, -3,184942, 25,79071
*
2,413483, -6,101019, 28,24377
2,478831, -3,113366, 28,943
2,533538, -0,1845299, 29,50484
2,856287, 1,112782, 29,83329
0,907106, -1,229464, 29,0322
0,1763693, -3,689543, 28,66932
-0,2677273, -5,77523, 27,76947
-0,3814832, -6,353525, 27,48825
4,42907, -0,8515395, 29,61583
6,361246, 0,3450792, 29,90275
8,141659, 1,258142, 29,91674
8,609153, 1,79479, 30,09941
1,676015, -5,990352, 27,82144
0,6182523, -9,987544, 26,52826
-0,6091027, -13,44888, 25,64083
-0,728142, -13,7202, 24,47937
3,092373, -6,053119, 27,93431
3,156892, -9,846436, 26,80874
2,813857, -13,12447, 26,42326
2,936679, -13,57287, 25,37965
2,521939, -0,9096467, 29,38916
-0,4625092, -6,905172, 27,3053
-0,06198369, -6,2844, 27,29933
9,030307, 2,172339, 30,03782
8,442338, 1,868702, 30,08556
*
0,7657606, -8,172574, 27,74898
0,6620666, -4,857617, 28,19193
0,5623593, -1,601411, 28,48065
0,1444892, -0,3679159, 29,00823
-1,172848, -2,95172, 29,31256
-0,3373538, -5,558214, 29,30239
0,6021636, -7,18493, 28,45989
0,08313321, -7,227649, 27,88699
1,343819, -2,819197, 27,19055
-1,144861, -2,392214, 25,88333
-3,152922, -2,152121, 25,59665
-3,758311, -2,194964, 25,46519
0,1310282, -8,263384, 27,82097
-1,401153, -10,7765, 26,49616
-0,6209051, -13,48591, 25,59692
-0,9284469, -13,78712, 24,50501
1,384283, -7,887528, 26,94915
1,238618, -10,68524, 25,27464
3,569971, -13,32997, 25,60493
3,272898, -13,64261, 24,49675
0,5871565, -2,408313, 28,4349
0,1322311, -7,220793, 27,5728
0,2068075, -7,058511, 27,52
-4,215477, -2,295897, 25,27487
-3,849418, -1,981133, 25,2675
*
1,054857, -10,24869, 27,01722
0,9632752, -7,254856, 27,3639
0,8257746, -4,309374, 27,73336
0,2611747, -3,203657, 28,11742
-1,023372, -4,398721, 28,95224
-0,3680302, -7,040453, 28,52885
-0,9719697, -9,197154, 26,86464
-0,8600733, -9,991793, 26,41395
1,462236, -5,195819, 26,34168
1,701678, -7,455145, 25,38546
1,480779, -9,280888, 24,47935
1,213736, -9,872474, 24,20746
0,4778193, -10,22973, 27,10108
-2,683065, -10,37086, 26,40337
-1,782645, -13,66159, 25,25983
-0,9841504, -13,73912, 24,44133
1,605669, -10,00156, 26,23116
0,7485551, -12,61908, 24,50338
3,634448, -13,22866, 25,30972
3,147664, -13,62236, 24,35357
0,8746667, -5,043893, 27,61101
-1,020253, -10,51049, 26,05501
-0,516221, -9,980591, 26,33095
0,9036666, -10,14095, 23,5745
0,9585875, -9,938122, 24,54166
*
1,414454, -6,660382, 28,05246
1,378831, -3,497653, 28,54995
1,338742, -0,3901588, 28,90458
0,9069583, 0,862812, 29,25813
0,1653083, -1,861726, 29,9935
0,162411, -4,599283, 29,59154
-0,1050594, -6,413141, 28,55273
-0,1614536, -6,903207, 28,17223
2,430161, -1,203472, 27,74875
4,422127, -1,826213, 26,81121
3,279549, -3,476559, 27,02631
2,978014, -4,099588, 26,89925
0,9230907, -6,773331, 28,10573
-0,3385005, -10,68368, 26,74873
-0,6533397, -13,52172, 25,5717
-0,9129816, -13,83463, 24,46951
1,871176, -6,369555, 27,26821
2,589022, -10,18018, 25,78107
3,98113, -13,16764, 25,66808
3,529471, -13,52727, 24,65604
1,34971, -1,160108, 28,84123
-0,2626327, -7,419048, 27,91489
0,005066363, -6,945557, 27,754
2,810857, -4,648172, 26,63202
3,315939, -4,419714, 26,56834
*
1,618091, -6,111391, 28,08044
1,626522, -3,101673, 28,78394
1,629734, -0,1521068, 29,34427
1,731553, 1,263555, 29,52335
0,02904992, -1,139081, 28,78559
-1,14743, -3,304184, 28,37937
-2,33694, -5,315362, 27,99119
-2,815719, -5,785463, 27,88335
3,375686, -1,305408, 29,34126
4,421742, -3,570211, 28,92055
5,480197, -5,467058, 28,59564
5,842375, -5,94941, 28,55405
0,8641531, -5,95981, 27,63857
0,2946379, -9,782995, 26,17736
0,006316012, -12,82586, 25,71814
0,0537534, -13,15822, 24,57549
2,338822, -6,100843, 27,7934
2,662541, -10,06415, 26,67674
2,826312, -13,07151, 25,93226
2,99488, -13,5281, 24,91009
1,630129, -0,8822394, 29,22941
-3,230593, -6,318633, 28,13561
-2,804797, -6,057806, 28,0625
6,332843, -6,476533, 28,71843
5,688496, -6,078114, 28,65583
*
0,7404613, -6,183052, 27,9871
0,7993935, -3,096956, 28,79427
0,8400496, -0,08632775, 29,48442
0,8957133, 1,087324, 29,42278
-0,4129248, -1,270468, 28,78336
-0,5369483, -0,2477108, 26,8599
0,6140739, 1,262607, 27,45517
0,8832449, 1,815791, 27,4897
2,301922, -1,164899, 29,03429
2,49589, -0,1635491, 27,01391
1,30735, 1,394945, 27,44433
0,9481882, 1,94848, 27,52317
-0,0616749, -6,049104, 27,61569
-0,1023572, -9,521114, 26,02451
0,08672886, -13,03606, 25,50137
0,3980343, -13,3242, 24,36642
1,516921, -6,149068, 27,62514
1,467516, -9,302633, 26,0251
1,261177, -12,8522, 25,82841
1,289313, -13,46419, 24,58932
0,8195715, -0,8226631, 29,32553
1,009102, 2,427688, 27,52332
1,178053, 1,636645, 27,24143
0,7969238, 2,583423, 27,63663
1,127738, 2,082503, 27,40125
*
-0,2610354, -6,10692, 27,31446
-0,2441709, -3,077822, 27,90508
-0,2388531, -0,08467217, 28,36107
-0,5042291, 1,23169, 28,67955
-2,254255, -1,212394, 28,3008
-3,624387, -2,464115, 28,90956
-1,940924, -3,624875, 26,96255
-1,338157, -4,111921, 26,77974
1,315268, -1,235819, 28,07932
2,003016, -3,588118, 28,48733
1,879798, -5,61415, 27,17056
1,807855, -5,966727, 26,95846
-1,081786, -6,073981, 27,04128
-1,736566, -9,640411, 25,57839
-2,348489, -12,72597, 24,99176
-2,213203, -13,0508, 23,85367
0,4692519, -5,974632, 26,8208
1,154997, -9,565988, 25,28135
2,132273, -12,74957, 24,67703
1,772815, -13,11608, 23,63349
-0,2388936, -0,8261699, 28,27199
-1,077337, -4,213474, 26,48705
-0,9089818, -3,592771, 26,51334
1,928911, -6,394938, 26,7932
2,050698, -6,08958, 26,6775
*
0,5095967, -6,602108, 27,12362
0,5004256, -3,215705, 27,68966
0,4116727, 0,1371029, 28,10168
0,1010942, 1,42715, 28,49112
-0,7309001, -0,7881565, 29,17467
-1,006426, -3,142452, 30,36934
-1,145023, -4,991547, 29,45534
-0,9029245, -5,252611, 28,83829
1,206382, -0,9514537, 26,58144
1,675942, -2,754585, 25,04953
0,4994301, -1,854238, 23,53595
0,4276475, -1,728072, 23,40614
0,0005612549, -6,659206, 27,20853
-0,4009784, -10,41612, 25,94091
0,06363063, -13,03551, 25,93255
-0,4702759, -13,60352, 25,01953
0,9703639, -6,337423, 26,30153
1,56238, -10,05614, 25,19618
2,153903, -13,02992, 24,96396
1,611223, -13,3421, 23,99546
0,4399663, -0,6820738, 28,02249
-1,081241, -5,760758, 28,30523
-0,6959908, -5,17585, 28,3853
0,2298984, -1,507118, 23,13573
0,4459415, -1,513741, 23,19091
*
1,396766, -6,088154, 27,0975
1,481454, -3,040021, 27,72595
1,558806, -0,0524902, 28,215
1,761659, 1,386914, 28,43818
-0,09499367, -1,060429, 27,94283
-0,8017735, -2,858174, 27,12172
-1,128052, -4,486936, 25,54224
-1,144941, -5,018291, 24,81844
3,267861, -1,020913, 27,91156
5,096104, -2,493237, 27,57907
6,838775, -3,627491, 26,92424
7,419128, -3,953619, 26,7504
0,6344277, -5,99456, 26,78942
0,2334604, -9,837126, 25,36992
0,6612854, -13,11708, 24,96323
0,2215714, -13,41771, 23,92875
2,130708, -5,990069, 26,6742
2,867378, -9,596862, 25,3098
3,450657, -12,67059, 24,9053
3,238684, -13,06141, 23,82263
1,540818, -0,7918575, 28,11767
-1,052176, -5,345581, 24,26795
-0,8906748, -5,106596, 24,96857
7,937947, -4,402298, 26,74667
7,444423, -4,273149, 26,79
*
3,059014, -6,37038, 26,50105
3,013912, -3,405161, 27,32077
2,954284, -0,5102082, 27,99632
2,771143, 0,8905306, 28,06875
1,468114, -1,757275, 28,32101
1,037534, -4,469604, 28,02887
0,8698615, -6,1358, 26,79227
0,8304545, -6,63055, 26,76851
4,391623, -1,099722, 27,20092
5,468703, -0,3969873, 25,46937
3,952493, 0,9752359, 25,51551
3,358945, 1,284147, 25,83193
2,313727, -6,36282, 26,32432
0,6307378, -9,94559, 25,16043
-0,8247579, -12,8499, 25,56131
-1,173857, -13,29646, 24,59417
3,726756, -6,194427, 25,94897
4,370474, -9,400164, 24,51947
5,24612, -12,6704, 24,52198
5,203024, -13,16004, 23,5074
2,971564, -1,226177, 27,85281
0,8303491, -6,653367, 26,29623
0,9737006, -6,558881, 26,27956
2,926295, 1,624134, 26,05816
3,238728, 1,527806, 25,87286
*
0,04388751, -6,053975, 25,49605
-0,2386899, -2,637454, 25,88675
-0,4027423, 0,6974351, 26,12185
-0,7092783, 1,975607, 26,34429
-1,562198, -0,2251951, 26,90145
-2,211615, -2,296413, 27,36142
-0,5578768, -3,741305, 25,60039
-0,9386107, -4,171138, 25,18429
0,1159985, -0,6939452, 25,10652
-2,581385, -0,0919392, 24,98627
-4,827384, 0,4152466, 25,52614
-5,312385, 0,5523303, 25,48073
-0,4167185, -6,236542, 25,36181
2,242303, -9,516919, 25,19554
4,365824, -12,20252, 24,33875
4,331905, -12,97996, 23,84405
0,5023252, -5,701985, 24,90687
-0,05949177, -9,437492, 23,9173
0,7388566, -12,67886, 23,49504
0,1329201, -12,92346, 22,55451
-0,3885373, -0,127476, 26,10049
-0,9149856, -4,515954, 24,973
-0,8306027, -3,77801, 24,73498
-5,840571, 0,6649678, 25,33773
-5,279642, 0,1881774, 25,32917
*
1,914449, -6,06847, 25,25494
1,423277, -2,623784, 25,75448
1,120419, 0,6275554, 26,06812
0,7299618, 1,897503, 26,40679
0,09348408, -0,4329997, 27,24664
-0,04231754, -2,402693, 28,11643
1,182063, -2,478927, 25,55686
1,920561, -3,293169, 24,58991
1,561556, -0,628081, 24,77645
-1,200637, -0,4088938, 24,74648
-3,156485, -0,1634768, 25,08468
-3,778693, -0,008589429, 25,28126
1,501965, -6,105697, 24,91789
1,690696, -9,685346, 23,79105
4,721744, -11,34379, 24,55647
5,55894, -12,07917, 23,95657
2,248199, -5,864678, 24,84366
2,211504, -9,652657, 23,85774
2,354575, -12,29178, 23,1318
2,046314, -12,72154, 22,12007
1,167356, -0,1801345, 26,02782
2,003432, -3,730421, 24,29274
1,37398, -3,53574, 24,20889
-4,331602, -0,08612573, 25,31531
-3,721835, 0,1985952, 25,1415
*
1,62218, -5,890574, 25,39134
1,558864, -2,580717, 25,86026
1,510485, 0,656501, 26,16533
1,157221, 1,933484, 26,49014
0,5133566, -0,28541, 27,39482
0,4675822, -2,835645, 28,24213
0,3608246, -4,794606, 27,64648
0,2564806, -5,499775, 27,57457
2,009033, -0,5702192, 24,93122
-0,7500302, -0,7793064, 24,50522
-3,041623, -0,02792211, 25,31892
-3,275429, 0,4333883, 25,44101
1,214272, -5,934491, 25,22486
1,656078, -8,976206, 24,51998
4,246286, -11,36183, 24,93469
3,579066, -11,76569, 23,61034
1,993329, -5,694713, 24,78982
2,223254, -9,225391, 23,66239
2,872848, -12,26448, 23,1051
2,529737, -12,68643, 22,09838
1,523371, -0,1467046, 26,114
0,2553188, -5,518353, 27,48132
0,2542684, -5,45234, 27,33673
-3,561662, 0,8439317, 25,63305
-3,575014, 0,5684154, 25,585
*
1,188814, -5,415006, 25,94407
1,006103, -2,153022, 26,42058
0,8265812, 1,041198, 26,75053
1,568031, 2,176738, 27,13886
0,05361466, -0,107041, 25,30644
-0,9180115, -1,522905, 23,97026
0,9098026, -2,397636, 23,66944
1,377371, -2,8769, 23,59155
2,174038, -0,523199, 28,34631
3,663831, -1,092994, 29,39487
4,195723, 0,502729, 28,14574
4,382072, 0,9227902, 27,93947
0,7837611, -5,151392, 24,92146
0,3706868, -9,27831, 23,8166
0,2065524, -12,65916, 23,83192
0,5923144, -13,09534, 22,88235
1,581286, -5,495224, 26,23165
2,494887, -8,825776, 25,09863
1,779209, -12,25419, 25,59524
2,065096, -12,90236, 24,85601
0,8713948, 0,251695, 26,69365
1,690414, -3,412585, 23,76055
1,406585, -3,136051, 23,40364
4,746884, 1,373609, 27,59388
4,854212, 1,203778, 27,65334
*
0,5965528, -6,222291, 26,55164
0,3864726, -3,185059, 27,08175
0,1941263, -0,2277108, 27,46016
0,1857956, 1,247023, 27,57932
-1,408131, -1,393571, 27,12867
-1,669094, -3,979872, 27,16264
-1,65733, -5,946327, 26,20302
-1,641388, -6,542297, 25,97572
1,94094, -1,236529, 27,65056
2,751391, -3,355878, 27,75627
3,028625, -4,41849, 25,54987
3,042587, -4,709019, 25,28716
-0,1826535, -6,16626, 26,14172
-0,2878609, -9,649746, 24,80922
-0,4485581, -12,89541, 24,97331
-0,4144625, -13,22818, 23,83488
1,354254, -6,119418, 26,25237
2,117311, -9,648996, 24,77841
2,679603, -13,00871, 25,40739
2,809676, -13,47577, 24,38663
0,2397748, -0,9583855, 27,39235
-1,707741, -7,038549, 25,7029
-1,357962, -6,629167, 25,79667
3,175216, -5,014517, 24,96355
2,721177, -5,043947, 25,30231
*
0,7567808, -5,808669, 26,20198
0,785334, -2,6822, 26,81629
0,898357, 0,4664011, 27,26871
0,6208501, 1,738015, 27,49535
-1,023414, -0,83584, 27,05734
-2,921262, -1,169732, 26,23105
-0,9011149, -0,8753299, 25,98278
-1,103374, 0,3694003, 25,48043
2,209432, -0,745376, 26,96166
3,599882, -0,7694685, 25,31571
1,78575, 0,5100055, 25,17809
1,352531, 0,6476177, 25,34267
-0,02247397, -5,739553, 25,8933
-0,8029246, -9,455727, 24,65201
-1,486716, -12,72925, 24,47785
-1,490898, -13,09124, 23,35924
1,50145, -5,709913, 25,76902
2,26215, -9,360731, 24,57847
2,420768, -12,58979, 23,87262
2,770103, -13,1002, 22,99872
0,8548192, -0,3198341, 27,1804
-0,7796433, 0,6346223, 25,40467
-0,762291, 0,1413786, 25,288
1,043567, 0,7878252, 25,38567
1,226816, 0,27654, 25,44666
*
0,6215959, -5,924639, 26,47002
0,6228454, -2,878236, 27,14751
0,6122205, 0,1027335, 27,67763
0,3590333, 1,551651, 27,84607
-1,085524, -1,068505, 27,58012
-1,911522, -3,45242, 27,27245
-3,445168, -3,871818, 25,90956
-4,259063, -3,710261, 25,42898
2,216805, -0,8572095, 27,15387
3,115809, -2,471634, 26,13904
1,749609, -3,213804, 24,7131
0,722865, -2,850921, 24,38111
-0,1143052, -5,857837, 26,21669
-0,900051, -9,541012, 24,89622
-1,460828, -12,77531, 24,51727
-1,535774, -13,1126, 23,38806
1,338255, -5,826283, 25,98857
2,255428, -9,645514, 24,9159
2,90365, -12,65666, 24,16649
3,140105, -13,01824, 23,09833
0,616055, -0,6343174, 27,57108
-4,869376, -3,554042, 25,34556
-4,280673, -3,914842, 25,40118
0,3374339, -2,94488, 24,27405
1,042835, -2,958869, 24,02786
*
1,043337, -5,690104, 26,52834
1,039574, -2,732278, 27,31398
1,009064, 0,1688838, 27,97334
0,9668626, 1,590233, 28,09211
-0,7862591, -0,6249822, 27,82698
-2,668723, 0,5983634, 27,37577
-2,107908, 2,519418, 26,90519
-1,736119, 3,066253, 26,74266
2,527763, -0,5360322, 27,32965
3,583573, 1,134176, 26,18363
2,47566, 2,838478, 26,17565
1,91195, 3,281679, 26,29168
0,2729108, -5,63668, 26,27669
-0,4987188, -9,60733, 24,85898
-1,238408, -12,80591, 24,48295
-1,279382, -13,12832, 23,34159
1,778572, -5,581288, 26,03778
2,668061, -9,644411, 25,10674
3,361495, -12,45769, 24,47702
3,232152, -12,86565, 23,39293
1,020244, -0,5488376, 27,83202
-1,256444, 3,402884, 26,53226
-1,597922, 3,318888, 26,55637
1,499035, 3,812437, 26,47733
1,49302, 3,40317, 25,98308
*
1,075656, -5,991086, 26,66689
1,174304, -2,939467, 27,26527
1,26778, 0,07630593, 27,72248
1,144498, 1,533113, 27,90245
-0,4671571, -1,014708, 27,80563
-1,383385, -2,557227, 26,61392
-0,3975965, -2,776395, 24,44016
-0,5187719, -2,623305, 24,31496
2,72093, -0,9188886, 27,15634
4,086796, -2,873844, 25,62086
3,470223, -2,399806, 23,55904
3,41115, -2,219941, 23,42283
0,3201878, -5,943089, 26,39087
-0,5124975, -9,560376, 24,93679
-0,8023108, -12,81354, 24,08017
-1,296632, -13,27655, 23,25217
1,803764, -5,866146, 26,19654
2,59247, -9,77933, 25,16286
3,287072, -12,57711, 24,37072
3,148744, -12,86904, 23,21473
1,245029, -0,6690193, 27,62885
-0,3485131, -2,317585, 24,01413
-0,09931128, -2,667372, 24,11
3,464341, -1,771518, 23,16939
2,945015, -2,1458, 23,28182
*
-2,616729, -5,853853, 26,63754
-2,49223, -2,680281, 27,35918
-2,370125, 0,4247859, 27,93382
-2,62815, 1,729856, 28,24135
-4,057443, -1,267496, 28,58114
-4,001124, -4,006835, 28,1572
-4,360327, -6,357363, 27,25548
-4,533694, -6,839154, 27,12038
-1,249722, -0,3950804, 26,93602
-0,2092425, 2,01484, 25,88905
0,7031694, 4,239785, 25,03324
0,8911473, 4,802351, 24,84719
-3,228093, -5,906355, 26,47752
-4,395188, -9,843768, 25,39986
-5,291176, -13,12474, 24,67448
-5,52774, -13,65976, 23,78697
-1,936648, -5,640668, 26,06643
-0,9745151, -9,565915, 24,86932
0,07835478, -12,87887, 24,71559
-0,0962341, -13,27411, 23,63961
-2,401311, -0,342687, 27,81532
-4,616684, -7,182232, 27,03093
-4,573183, -6,762984, 26,99891
1,029576, 5,284094, 24,85871
1,196675, 4,606557, 24,60818
*
0,316066, -5,929704, 26,66611
0,2307378, -2,866755, 27,48068
0,1533047, 0,1251493, 28,15228
0,3327664, 1,437022, 28,50737
-0,961169, -0,4970919, 27,18931
-2,431783, 1,680853, 26,17027
-3,422062, 3,592751, 25,6928
-3,891679, 4,025853, 25,71955
1,690121, -1,39018, 28,55533
1,798277, -4,103895, 28,78408
2,141196, -5,923281, 27,87434
2,309313, -6,458311, 27,88863
-0,3497991, -5,71453, 26,03892
-1,513423, -9,317363, 24,95951
-2,745176, -12,65185, 24,892
-2,556762, -13,25892, 23,87796
0,9773415, -5,981979, 26,55854
2,205675, -9,868137, 25,59837
3,287608, -12,64363, 24,57117
3,375026, -13,10251, 23,53712
0,1718672, -0,6143806, 28,0096
-4,249156, 4,368623, 25,75502
-4,196859, 4,028294, 25,31
2,403977, -6,724468, 27,84047
2,272816, -6,418723, 27,528
*
-2,844832, -5,875161, 27,23621
-2,769656, -2,795316, 27,94669
-2,696332, 0,2197908, 28,52677
-2,915012, 1,540151, 28,92706
-4,0777, -1,104871, 29,26758
-4,539223, -3,811517, 29,05422
-4,509503, -5,590701, 26,89447
-4,525271, -6,091599, 26,50307
-1,537031, -0,45019, 27,61559
-0,74115, 2,04546, 26,55527
-0,6992742, 4,65222, 26,18214
-0,6773101, 5,401467, 26,25639
-3,466446, -5,876915, 27,00056
-4,822866, -9,766516, 25,73679
-5,761114, -12,89834, 25,13978
-5,681581, -13,39152, 24,12666
-2,211239, -5,709888, 26,68902
-1,215542, -9,764606, 25,59058
-0,3951744, -13,0836, 25,29037
-0,5990162, -13,42152, 24,18206
-2,713463, -0,5269728, 28,40684
-4,580739, -6,570225, 26,06872
-4,781155, -6,212908, 26,3875
-0,7673279, 5,951198, 26,28217
-0,9934382, 5,561297, 25,93
*
0,1059988, -5,714265, 26,80455
-0,0748832, -2,743444, 27,65642
-0,2530113, 0,156341, 28,37152
-0,1371757, 1,518445, 28,59711
-1,519735, -0,3215651, 27,49223
-2,622769, 1,471473, 26,45882
-1,913593, 3,321988, 25,72816
-1,570794, 4,016587, 25,59864
1,20053, -1,107423, 28,6552
1,571806, -3,701789, 28,93316
1,978387, -5,396132, 27,55377
2,185958, -5,891704, 27,35342
-0,5418303, -5,517023, 26,14404
-1,225227, -9,573403, 24,92422
-1,708458, -12,94706, 24,83673
-1,363807, -13,27725, 23,76424
0,7502488, -5,753513, 26,72928
2,070749, -9,632242, 25,36811
3,035438, -12,686, 24,65953
3,408384, -13,14582, 23,74381
-0,2087489, -0,56026, 28,21743
-1,182305, 4,452524, 25,47809
-1,397619, 3,887329, 25,20222
2,183315, -6,287427, 26,97203
2,408726, -6,005589, 27,112
*
-0,5573296, -5,941009, 26,99471
-0,5918334, -2,916004, 27,71398
-0,6260439, 0,04408475, 28,28925
-0,6687118, 1,524299, 28,48986
-2,344615, -1,090363, 28,2258
-2,698133, -3,363986, 27,9973
-2,746436, -4,782773, 26,44756
-2,647016, -5,336826, 25,84101
0,979833, -1,09183, 27,9672
2,405954, -2,442056, 27,2732
1,98596, -1,275456, 26,53136
1,7564, -0,71297, 26,31441
-1,314407, -5,85441, 26,623
-1,565962, -9,863802, 25,53546
-1,669371, -13,02632, 25,09418
-1,772628, -13,31255, 23,93858
0,2126527, -5,856494, 26,61916
1,391919, -9,559631, 24,99376
2,512067, -12,6068, 24,37165
2,55498, -13,06367, 23,32842
-0,617946, -0,6880364, 28,17036
-2,654722, -5,59553, 25,40837
-2,527907, -5,1243, 25,5
1,475647, -0,3542317, 26,18905
1,262298, -0,7465739, 26,38875
*
0,8720769, -6,444052, 27,02623
1,229125, -3,068159, 27,68745
1,555209, 0,2372285, 28,22032
1,422383, 1,559243, 28,62294
0,08384284, -1,339141, 28,84978
-0,365837, -4,014587, 29,09757
-0,6406544, -5,643807, 27,02767
-0,5614743, -6,003565, 26,60792
2,278154, -1,318055, 27,05394
1,884575, -0,7270092, 24,78157
0,8002376, -0,4644504, 22,16683
0,5624272, -0,130876, 21,9227
0,2235522, -6,449038, 26,98475
-0,6469923, -10,09372, 25,79792
-1,525918, -13,0599, 24,94307
-1,698095, -13,35329, 23,80556
1,488423, -6,259427, 26,34655
2,324517, -9,814938, 25,39651
2,566045, -12,63, 24,82309
2,619956, -13,00739, 23,7165
1,478654, -0,5805942, 28,11003
-0,6119514, -6,49972, 26,3217
-0,2183388, -5,644281, 26,18803
0,04529079, -0,07948782, 21,60328
0,6604633, 0,3618504, 21,70432
*
0,1013069, -6,29384, 24,33871
0,1032527, -3,243718, 24,86529
0,1200289, -0,24903, 25,24471
0,438655, 1,11019, 25,45081
-1,104276, -1,322184, 24,33466
-1,590744, -3,241559, 23,69842
0,2749154, -3,401332, 22,77725
0,7499641, -3,31877, 22,58921
1,632596, -1,505381, 25,74239
1,88255, -3,716237, 25,44878
1,402143, -4,653469, 22,81374
1,139118, -4,166482, 21,83948
-0,613467, -6,066599, 23,67947
-1,091821, -9,393643, 22,59885
-2,528351, -12,31674, 23,87543
-2,139893, -12,99805, 23,20313
0,8118275, -6,334813, 24,2708
0,5474352, -9,416474, 22,35485
0,1556205, -12,11993, 22,16834
0,2904252, -12,78749, 21,4188
0,1145947, -0,9910414, 25,1755
1,17382, -3,236363, 22,45936
0,7650132, -3,3027, 22,1503
1,087831, -3,991139, 21,56145
0,9286436, -4,375728, 21,77077
*
0,9484517, -6,082539, 21,86709
1,007147, -2,908955, 22,34721
1,071067, 0,1850419, 22,6625
1,338985, 1,681709, 22,88367
-0,2690348, -0,894316, 21,84099
-0,6619984, -3,037794, 21,18036
-0,3133094, -4,401686, 19,6143
-0,2934706, -4,912148, 18,46087
2,617997, -1,252645, 23,06809
2,798883, -3,644999, 22,31166
3,048851, -5,060421, 20,78211
3,237692, -5,37844, 20,09033
0,2629661, -5,884511, 21,2116
-0,2569684, -9,230565, 20,50534
-0,7961697, -11,99619, 21,83218
-0,7896931, -12,77557, 21,52551
1,60137, -6,079328, 21,79733
2,034772, -8,573096, 19,60645
0,9985247, -11,88746, 19,5541
1,090646, -12,40666, 18,37585
1,055309, -0,5781443, 22,61054
-0,3219876, -5,06391, 18,05358
-0,4472421, -4,889843, 18
3,401956, -5,564889, 19,43347
3,167849, -5,511021, 19,7375
*
1,151642, -6,519174, 24,05802
1,146648, -3,35273, 24,48751
1,140131, -0,261021, 24,77439
1,508024, 1,079671, 25,04933
0,003797732, -1,379602, 23,67317
-1,06545, -3,023943, 22,90159
-1,335264, -2,29873, 20,47487
-1,407994, -1,857153, 20,01699
2,564319, -1,751247, 25,63552
3,17835, -3,883825, 26,21891
5,087796, -4,100645, 25,49308
5,550594, -3,687003, 25,24267
0,4718037, -6,250255, 23,2858
0,4925131, -8,466432, 20,58082
-0,9334832, -11,53702, 19,86463
-0,6302461, -11,94407, 18,63609
1,795632, -6,594071, 24,10849
2,553727, -9,678013, 23,36521
0,5579739, -10,25873, 20,33311
-0,4594805, -10,64075, 19,40974
1,142359, -1,024586, 24,72774
-1,639586, -1,663392, 19,4513
-1,23778, -1,421275, 19,945
5,911469, -3,649091, 25,17566
5,53211, -3,974023, 25,365
*
-0,7894155, -6,481965, 28,96178
-0,8230839, -3,306217, 29,40284
-0,8440426, -0,1944731, 29,70841
-0,4014778, 1,014813, 29,95604
-1,766161, -0,9799469, 28,41401
-3,04661, -2,114808, 26,78839
-1,77324, -1,789243, 25,35028
-1,321283, -1,664089, 24,89952
0,294047, -1,118315, 30,89864
0,7449725, -3,188131, 32,44389
2,712719, -2,91866, 31,92188
2,93212, -2,608663, 31,38475
-1,262963, -6,218811, 28,13875
-1,72704, -10,19896, 26,41282
-2,673271, -13,38463, 25,65174
-2,211012, -13,74514, 24,58379
-0,2953598, -6,583923, 29,05628
-0,06862462, -10,77017, 28,91562
-0,28343, -14,25952, 28,94002
0,157905, -14,69179, 28,00448
-0,84052, -0,9647881, 29,6569
-1,08266, -1,6232, 24,76026
-0,9175032, -1,656864, 24,9175
3,466671, -2,447761, 30,92767
3,112412, -2,363102, 30,8225
*
-0,2283345, -6,529456, 30,67526
-0,1565548, -3,471024, 31,18334
-0,04579961, -0,4846886, 31,53957
0,09273005, 0,8351555, 31,82899
-1,684727, -1,370896, 31,02518
-3,84484, -2,068145, 30,70611
-5,247908, -3,405804, 29,28864
-5,566804, -3,770277, 28,84619
1,701853, -1,606172, 31,71413
3,770824, -2,738753, 32,62649
5,702855, -2,928156, 31,35601
6,110737, -2,852033, 30,89069
-0,959983, -6,399855, 30,22341
-2,026171, -10,40403, 29,05083
-2,799708, -13,86456, 28,70182
-2,718001, -14,80758, 27,69807
0,5139933, -6,505246, 30,38652
1,094114, -10,62499, 29,32302
1,33642, -14,27801, 29,1522
1,526802, -14,83462, 28,2266
-0,07435585, -1,223106, 31,47628
-5,74003, -4,215591, 28,63022
-5,781766, -3,565269, 28,70938
6,376982, -2,900293, 30,5598
6,329341, -2,727301, 30,66555
*
0,4769644, -6,118186, 29,3143
0,5472898, -3,12937, 29,9087
0,6138253, -0,1957943, 30,36159
0,6950095, 1,208564, 30,52359
-1,175553, -1,045194, 30,11623
-3,494232, -1,526854, 30,00265
-4,412598, -2,712272, 28,5369
-4,799407, -3,191144, 27,88685
2,367041, -1,181741, 30,32576
4,415665, -2,062153, 30,81563
6,045123, -2,71201, 29,71365
6,292182, -2,825633, 29,11621
-0,2803891, -6,021862, 28,9231
-1,159685, -10,03437, 27,54142
-1,965496, -13,45509, 26,868
-2,112267, -14,02441, 25,87444
1,221717, -6,058926, 28,96633
2,219629, -9,763869, 27,97385
3,246391, -13,165, 27,92736
3,321302, -13,99484, 27,05309
0,5977832, -0,9225107, 30,27364
-4,893912, -3,489281, 27,61222
-4,549139, -3,342149, 27,61444
6,538165, -2,955225, 28,6547
6,543235, -2,718769, 28,63286
*
1,28883, -5,784202, 28,7124
0,9694961, -2,895383, 29,38995
0,6708964, -0,04187436, 29,92974
0,9826949, 1,294234, 30,11522
-0,4421896, -0,5780365, 29,1282
-0,8890649, 1,809043, 28,52921
-0,1835788, 3,75386, 28,15403
0,07409762, 4,484053, 28,24582
2,482729, -0,8778292, 30,79743
4,781194, -0,7412928, 30,91842
6,9965, -0,9178841, 29,69818
7,501015, -0,8466859, 29,40351
0,6444042, -5,636742, 28,05769
0,1416605, -9,764489, 26,89781
-0,381643, -13,32571, 26,47923
-0,3699531, -13,68352, 25,23462
1,905838, -5,776393, 28,62368
3,206972, -9,702106, 27,38589
3,977228, -13,26145, 26,80465
4,235053, -13,84124, 25,9586
0,7436482, -0,751249, 29,81968
0,258202, 5,01587, 28,20899
0,3946598, 4,832978, 27,74909
7,974952, -0,5537884, 29,03568
7,464829, -1,150385, 29,073
*
4,546582, -5,638268, 28,11117
4,777047, -2,695703, 28,67924
4,962616, 0,1862797, 29,11083
4,780832, 1,63095, 29,3348
3,365653, -0,7737065, 29,97643
1,638367, -1,472335, 30,64635
0,06727447, -2,092526, 29,40366
-0,5772957, -2,182995, 28,47683
6,170329, -0,3517361, 28,30949
6,725025, 1,714847, 27,73634
5,596256, 3,395632, 27,85585
5,050499, 3,68644, 28,11373
3,876294, -5,671154, 28,05393
2,356346, -9,538977, 26,75834
1,19172, -12,96904, 26,17295
0,8782451, -13,5159, 25,27832
5,099148, -5,458087, 27,43997
5,500748, -9,433077, 26,42027
5,976261, -12,95092, 26,1201
5,978436, -13,60859, 25,30852
4,92229, -0,5255583, 29,02761
-1,01384, -1,996615, 28,0497
-0,7205536, -2,464113, 28,14572
4,672098, 4,027278, 28,30788
4,650807, 3,681057, 27,876
*
-1,046263, -5,810851, 27,40928
-1,135464, -2,856755, 28,13512
-1,191934, 0,04120824, 28,72087
-1,18033, 1,528143, 28,89462
-2,46749, -0,8868713, 28,06184
-3,334955, -0,4471984, 26,10524
-2,687807, 1,431362, 26,72533
-2,754729, 1,796543, 27,00436
0,4425311, -0,7600374, 28,84107
1,839534, -2,354776, 29,63136
2,541062, -2,167903, 27,63102
2,713256, -1,93964, 27,04842
-1,759014, -5,735536, 26,98582
-1,989486, -9,749552, 25,8615
-2,159061, -13,24388, 25,65574
-2,209699, -13,54934, 24,5044
-0,2893909, -5,712967, 27,09437
0,8418781, -9,058855, 25,47035
1,882112, -12,46117, 25,22838
2,30183, -12,59898, 23,91223
-1,181629, -0,67746, 28,59924
-2,668434, 2,195126, 27,37369
-2,91374, 2,09414, 26,93286
2,634198, -1,55108, 26,61888
2,918175, -1,450741, 27,00833
*
4,802326, -5,645365, 27,18242
4,848006, -2,767273, 28,00446
4,867019, 0,05021855, 28,68596
4,956549, 1,486335, 28,80007
3,187191, -0,8595529, 28,62943
1,892753, -2,439147, 28,56612
2,139828, 0,1733746, 28,59735
2,556588, 0,1968153, 27,73763
6,423384, -0,633198, 28,19624
7,831814, 0,6382211, 26,89434
6,551259, 2,315106, 26,93405
6,112307, 2,683098, 27,18819
3,976035, -5,572574, 26,90254
3,052124, -9,20513, 25,09575
2,235002, -12,61514, 25,07309
1,975118, -13,07347, 24,05932
5,491796, -5,555291, 26,74274
5,875807, -9,417362, 25,56091
6,054716, -12,78261, 25,02614
5,985758, -13,26654, 24,00362
4,866848, -0,6468425, 28,54057
2,619003, 0,2094677, 27,59279
2,658023, 0,1624347, 27,35962
5,662622, 3,045928, 27,54768
5,660098, 2,553859, 26,80125
*
-2,43743, -6,326489, 28,0462
-2,374307, -3,246013, 28,78096
-2,317543, -0,2303984, 29,37348
-2,495227, 1,191176, 29,69494
-3,984718, -1,595002, 29,5877
-4,091685, -4,28077, 28,85491
-4,415342, -6,210682, 28,28501
-4,433532, -6,828307, 28,13191
-0,9734204, -1,189558, 28,46284
-0,3686582, -3,064712, 27,74397
-0,738454, -4,602937, 26,23367
-1,075009, -5,19497, 25,84608
-3,098978, -6,296808, 27,89417
-3,124686, -10,4108, 26,6688
-3,133006, -13,31096, 26,2937
-3,036404, -13,60212, 25,13061
-1,72753, -6,196908, 27,45518
-1,451943, -10,31423, 26,17505
-0,7507068, -13,80846, 26,15411
-0,6329615, -14,08618, 24,99342
-2,332065, -0,9771801, 29,25098
-4,52861, -7,310803, 27,83115
-4,667494, -7,061481, 27,896
-1,220471, -5,585375, 25,46644
-0,9495985, -5,467794, 25,40833
*
0,9545311, -5,66879, 27,02155
1,038915, -2,700639, 27,74552
1,113208, 0,2081427, 28,3335
1,215304, 1,624647, 28,53593
-0,675332, -0,9318706, 28,44114
-1,092918, -3,45766, 28,15474
-1,530758, -5,501342, 27,21643
-1,70007, -6,122806, 27,04066
2,648471, -0,1998539, 27,91859
3,999895, 1,948243, 27,434
5,183542, 4,070951, 27,18641
5,117334, 4,385492, 27,24155
0,2222353, -5,673474, 26,76176
-0,3760289, -9,814044, 25,78222
-1,167967, -13,31201, 25,23211
-1,439494, -13,65764, 24,15693
1,634848, -5,498038, 26,54437
2,198443, -9,556099, 25,39145
2,405623, -12,66402, 25,16145
2,273648, -13,14729, 24,13954
1,095742, -0,5114899, 28,21066
-1,840756, -6,676195, 26,83625
-1,908181, -5,984738, 26,81692
5,216978, 4,908997, 27,51285
5,271442, 4,365317, 26,94875
*
-0,4037008, -9,69066, 26,28397
-0,2148827, -6,528011, 26,87821
-0,0569622, -3,427203, 27,2128
-0,3898683, -2,211282, 27,60486
-1,503915, -3,356981, 27,94474
-1,728063, -6,040523, 28,21223
-2,105265, -8,434316, 26,8579
-2,158159, -8,862863, 26,53464
0,595845, -4,577036, 25,92163
-1,942831, -4,244677, 24,70482
-3,920205, -3,902477, 24,31443
-4,396872, -3,974193, 24,28975
-0,9435949, -9,595865, 26,18679
-3,880686, -10,62349, 25,5806
-1,687282, -13,52284, 24,97004
-2,046385, -13,72866, 23,85856
0,1648359, -9,50425, 25,70625
-0,4529155, -11,99809, 23,64102
2,424388, -12,76143, 24,41059
2,151919, -13,30406, 23,49622
-0,09320668, -4,193626, 27,16359
-2,15431, -9,019892, 26,10251
-1,652271, -8,913821, 26,22588
-4,884302, -4,028183, 24,07876
-4,336003, -3,717156, 23,996
*
0,3186937, -11,26795, 25,09817
0,167313, -8,293767, 25,99063
0,003231894, -5,360281, 26,71341
-0,5405132, -4,212657, 26,99167
-1,44432, -5,283972, 27,44736
-1,224514, -7,995379, 27,21397
-2,155068, -10,16324, 25,75472
-2,359634, -10,69411, 25,29969
0,6675946, -6,217938, 25,40197
1,43181, -8,475271, 24,40951
1,323443, -10,39776, 23,78805
1,26089, -10,77135, 23,70801
-0,2131789, -11,26291, 25,04726
-3,106377, -10,29451, 25,71017
-2,422491, -12,71053, 24,82766
-2,364883, -13,31529, 23,4647
0,8445628, -10,96585, 24,46157
2,576783, -14,07588, 24,39031
4,024475, -16,75976, 24,55029
3,914893, -17,43589, 23,5536
0,04664802, -6,090449, 26,55957
-2,485331, -10,97525, 25,19534
-2,727773, -10,52773, 25,091
1,132849, -11,37092, 23,52848
1,365742, -10,76185, 23,376
*
0,2051546, -5,964442, 27,40451
0,2912426, -2,935119, 27,97994
0,3558576, 0,04125495, 28,43359
0,1945317, 1,480576, 28,7465
-1,356408, -1,288613, 28,95737
-1,558309, -3,788945, 28,38247
-1,720208, -5,788241, 27,15815
-1,764246, -6,365958, 26,77056
1,895875, -0,8041873, 27,80601
3,533189, -2,028707, 27,42355
1,790133, -2,818237, 26,60779
1,269618, -3,141539, 26,70265
-0,5067105, -5,983844, 27,30606
-1,144913, -9,927929, 26,1048
-1,386664, -12,99303, 25,72285
-1,514288, -13,29041, 24,54742
0,8957969, -5,777475, 26,7583
1,788855, -9,626481, 25,18416
2,836017, -12,83877, 24,80172
2,485022, -13,21443, 23,75671
0,3403509, -0,6948876, 28,34219
-1,785995, -6,919941, 26,56756
-1,44221, -6,250637, 26,49778
0,7121959, -3,623088, 26,29594
1,608706, -3,505859, 26,39294
*
2,249254, -6,214999, 28,30635
2,318033, -3,172078, 28,978
2,377658, -0,1876316, 29,50833
2,757004, 1,110039, 29,93588
0,7978468, -1,248904, 29,06503
0,1089658, -3,739219, 28,73841
-0,1466299, -5,829367, 27,7536
-0,2321599, -6,416399, 27,45072
4,2684, -1,133959, 29,58821
6,516706, -0,976247, 29,77201
9,152696, -0,3611366, 29,85348
9,675915, -0,03291848, 29,94418
1,508475, -6,127529, 27,87217
0,4721037, -10,15591, 26,72631
-0,9581676, -13,46384, 25,70324
-0,9257165, -13,70295, 24,51507
2,936591, -6,139688, 28,00478
3,321741, -9,776054, 26,98751
3,188848, -13,03146, 26,38876
3,204701, -13,47926, 25,32734
2,364595, -0,9266699, 29,40079
-0,3128927, -6,934608, 27,18001
0,08656161, -6,424932, 27,28418
9,907857, 0,2167304, 30,00035
9,653232, 0,2747684, 30,13714
*
0,961422, -7,558388, 28,04777
1,074443, -4,075565, 28,47983
1,159841, -0,6680467, 28,75293
0,7262843, 0,5678688, 29,41322
-0,3661602, -1,993768, 29,33035
-0,736564, -4,672094, 29,29531
-0,398324, -7,247449, 28,35238
-0,4862297, -7,678638, 28,04721
1,745793, -2,254364, 27,53198
-0,07308393, -1,032478, 26,63603
-2,083276, -0,2378654, 26,42199
-2,782251, -0,02511697, 26,39117
0,3136984, -7,658562, 28,2251
-1,071962, -10,57415, 26,95097
-0,9872765, -13,53452, 25,7998
-1,313311, -13,83943, 24,7181
1,584056, -7,266388, 27,14915
1,765462, -10,30537, 25,68203
3,557819, -13,18184, 25,87979
3,336091, -13,49451, 24,74689
1,141061, -1,51114, 28,7109
-0,6555212, -7,901484, 27,61528
-0,1868184, -7,562567, 27,6875
-3,26483, 0,08901918, 26,16621
-3,034722, -0,1138964, 26,33308
*
1,820098, -11,63801, 25,81569
1,689479, -8,590014, 26,75331
1,56287, -5,575007, 27,53976
0,9656422, -4,53492, 27,84167
-0,019201, -6,763131, 28,14246
-1,172203, -8,965175, 26,86127
-0,1431578, -10,68726, 26,21368
-0,07029802, -10,76406, 25,73117
2,145559, -6,476683, 26,15151
1,679518, -8,595098, 25,08315
0,9624867, -10,27271, 24,15232
0,7347302, -10,82131, 24,05522
1,206738, -11,71742, 25,93879
-1,618183, -10,07015, 26,64545
-1,390371, -13,40481, 25,58988
-1,706705, -13,71608, 24,51017
2,39069, -11,26008, 25,00311
-0,7494846, -11,33841, 23,96028
2,140342, -13,30223, 24,58318
3,050444, -13,45651, 24,04714
1,594802, -6,326252, 27,36933
-0,2910039, -10,94858, 25,36603
0,1391822, -10,5323, 25,34235
0,1378319, -11,07236, 23,53621
0,4596429, -10,76459, 24,42607
*
0,7849728, -8,844522, 27,75766
0,5914109, -5,728754, 28,11259
0,401745, -2,661755, 28,34353
-0,1506634, -1,519369, 28,69244
-0,5273693, -4,034778, 29,4617
-0,2609925, -6,746979, 29,39034
-0,6498027, -8,963214, 27,74674
-1,12164, -9,496011, 27,66787
1,331583, -3,550098, 27,14646
3,335147, -4,146656, 26,07629
2,72942, -6,059905, 26,36797
2,330319, -6,706541, 26,47461
0,2410061, -8,950141, 27,91547
-2,118863, -10,66081, 26,42752
-1,027769, -13,60554, 25,71435
-1,426132, -13,88364, 24,65416
1,307642, -8,485489, 26,9133
0,7977306, -10,97772, 24,77509
3,521858, -13,23788, 25,06131
3,245863, -13,69274, 24,05416
0,4501314, -3,42677, 28,30797
-1,093301, -9,507115, 27,56167
-1,071277, -9,508316, 27,47626
2,061023, -7,163625, 26,15202
2,108866, -6,405932, 26,184
*
1,182688, -6,457737, 28,81641
1,19185, -3,367641, 29,30027
1,224045, -0,3419367, 29,63372
1,440138, 1,048912, 29,65475
-0,2448324, -1,282454, 28,80804
-1,146445, -3,760984, 28,19679
-2,277301, -5,726098, 27,50034
-2,731917, -6,362437, 27,41529
2,829749, -1,541494, 29,91653
3,636155, -3,906275, 29,57026
4,705057, -6,070122, 29,16386
5,140888, -6,577287, 29,20543
0,4652027, -6,27327, 28,24834
0,3931383, -10,2204, 26,73195
0,03160832, -13,0646, 26,02029
0,3480754, -13,34685, 24,90952
1,870558, -6,477428, 28,65435
1,618082, -10,53846, 27,46241
1,259011, -13,22568, 26,5163
1,452501, -13,56375, 25,40235
1,215568, -1,091727, 29,57836
-3,097022, -6,846584, 27,39738
-2,807626, -6,089382, 26,75182
5,508769, -7,149165, 29,34521
4,792687, -6,546054, 29,18316
*
1,181967, -6,008353, 28,84462
1,397022, -3,134594, 29,50826
1,742086, -0,2290201, 30,1776
1,570078, 1,155472, 30,40271
0,1047691, -0,9602367, 29,58215
-0,5996301, 0,8972874, 28,4629
0,4917768, 2,576131, 28,63999
0,9310354, 3,126484, 28,89178
2,766052, -0,709255, 29,93115
2,866464, 0,8690166, 28,21662
1,56759, 3,086185, 29,05184
1,353167, 3,467386, 29,04522
0,4247409, -5,918345, 28,48703
0,4744164, -9,976662, 26,91071
0,3384864, -13,28716, 26,2832
0,4624341, -13,50342, 25,08936
1,90691, -5,945358, 28,46787
1,646448, -10,0293, 27,01421
1,255834, -13,27067, 26,46066
1,296851, -13,54761, 25,1982
1,606947, -0,9641373, 30,04821
1,15138, 3,671779, 28,98208
1,067848, 2,916646, 28,77
1,191389, 4,079321, 29,19184
1,130763, 3,550428, 28,72333
*
2,085533, -6,569952, 27,55875
1,702341, -3,144163, 28,2086
1,294865, 0,2246389, 28,73833
0,9997363, 1,517689, 29,15399
0,2301654, -1,11478, 29,67517
-1,547252, -0,8434817, 27,42873
1,019701, -1,354112, 26,46868
1,190358, -1,746448, 26,9447
1,562304, -1,054468, 27,35263
-0,9538669, -1,210723, 26,04678
-2,189663, -0,2065704, 27,16822
-2,308812, -0,09877182, 27,55728
1,68495, -6,534347, 27,22666
1,888489, -10,38669, 25,8226
4,184512, -12,36816, 26,91138
3,375343, -12,67225, 25,63818
2,443133, -6,44309, 27,19536
3,962041, -10,32195, 26,23854
2,687951, -13,1636, 25,29458
2,071171, -13,42777, 24,34866
1,404533, -0,6094698, 28,63468
1,681987, -2,253561, 26,80986
1,5448, -1,231596, 26,67222
-2,78291, -0,2576284, 28,1366
-2,450101, -0,2821519, 27,492
*
2,143566, -6,485312, 26,94962
1,883677, -3,099421, 27,62254
1,493085, 0,2016173, 28,10624
1,174523, 1,475132, 28,43183
0,5316059, -0,898239, 29,19985
0,5190442, -3,511381, 29,85241
1,721326, -5,743703, 28,72272
2,122856, -6,492695, 28,38658
1,710882, -1,094193, 26,86067
-1,050654, -0,9439396, 26,81774
-3,259499, -0,4463622, 27,45853
-3,985629, -0,3191913, 27,65923
1,805515, -6,461894, 26,55681
1,654238, -10,4587, 25,58998
4,930721, -11,6624, 26,24126
4,035426, -12,1124, 25,12248
2,406984, -6,332642, 26,60927
2,27771, -10,36268, 25,6848
3,054047, -12,86909, 24,80669
2,567903, -13,16035, 23,77361
1,599883, -0,6156291, 28,01172
2,004868, -6,879817, 28,16754
2,279449, -6,282799, 27,91656
-4,504303, -0,4337008, 27,89884
-4,067358, -0,5081902, 27,685
*
2,185372, -6,333526, 26,44625
1,989279, -2,881055, 26,91688
1,935989, 0,4776773, 27,10877
1,627614, 1,770381, 27,50762
0,5311931, -0,3629789, 28,20926
0,4463595, -2,795225, 29,177
1,485773, -3,719363, 26,71307
1,257995, -4,12869, 26,27524
2,434564, -1,068733, 26,29106
-0,2651283, -0,5359815, 26,46763
-2,766951, -0,1955836, 26,58767
-3,471809, -0,2560684, 26,51998
1,654147, -6,329782, 26,23738
2,418493, -9,780881, 25,10111
5,635051, -11,33388, 25,0257
4,517958, -11,7842, 24,22356
2,648852, -6,157196, 25,93039
2,141846, -9,103015, 24,69704
2,648235, -12,60579, 24,20479
2,496305, -12,963, 23,09156
1,944556, -0,3573819, 27,1036
1,514039, -4,570074, 25,7366
1,043389, -4,477168, 26,28454
-3,986993, -0,2602156, 26,25844
-3,388606, -0,6697654, 26,50364
*
0,1587486, -5,74035, 27,14139
0,3328671, -2,764473, 27,75742
0,4999104, 0,1511066, 28,23595
0,878131, 1,529301, 28,17804
-0,7825655, -0,6388527, 27,51717
-1,89081, -0,2651451, 25,5602
-0,4789278, 1,555542, 25,43964
-0,2733735, 1,852092, 25,59888
2,028024, -0,9371531, 28,56288
2,796777, -2,811615, 28,52664
3,788747, -3,048487, 26,673
3,936333, -2,705697, 25,88153
-0,566161, -5,556349, 26,65458
-1,209378, -9,107525, 25,36897
-1,907978, -12,57312, 25,60128
-2,176831, -13,11349, 24,69375
0,8783755, -5,769402, 26,89369
1,962429, -9,449926, 25,22281
2,682888, -12,63848, 24,57397
2,686327, -13,08582, 23,51818
0,4591904, -0,5703207, 28,14095
0,3822588, 2,062409, 25,77016
-0,3255273, 2,032578, 25,49111
4,112689, -2,662252, 25,2681
3,839168, -2,50992, 25,552
*
1,639074, -5,628873, 26,14941
1,500966, -2,46349, 26,50309
1,364042, 0,650864, 26,70654
1,038585, 1,938609, 27,05052
0,38184, -0,5651034, 27,76368
0,3495614, -2,886707, 28,20298
0,1920462, -4,748377, 27,3257
0,120628, -5,364737, 26,96879
2,257501, -0,3039105, 25,29528
1,189428, -1,581196, 23,94002
-0,4012046, -1,437188, 25,1249
-0,9976598, -1,151303, 25,52408
1,21006, -5,63637, 26,38434
1,078312, -9,821543, 25,43327
1,851526, -13,13013, 24,75628
1,248023, -13,68856, 24,21901
2,092073, -5,426537, 25,27151
2,252543, -9,578707, 24,0978
3,043507, -12,41683, 23,41227
2,54048, -12,89441, 22,56055
1,399155, -0,1202048, 26,68255
0,08456368, -5,378509, 26,86054
0,1195642, -5,317422, 26,73094
-1,559716, -1,01637, 25,92092
-1,182348, -1,24313, 25,11222
*
1,246781, -6,151685, 27,18771
1,173767, -3,106747, 27,61839
1,101818, -0,1190935, 27,91221
0,995208, 1,339685, 27,99235
-0,1983358, -1,150023, 28,68184
-0,3071752, -3,258406, 29,17237
-0,4265848, -5,107949, 28,26362
-0,06306215, -5,152409, 27,71243
2,452255, -1,076603, 26,8761
2,724096, -2,899255, 25,85174
0,760724, -2,587548, 25,26436
0,5468881, -2,538551, 24,95854
0,6564289, -6,175916, 27,06827
0,7814671, -10,28704, 25,96111
1,368299, -13,62613, 26,125
1,058084, -13,99154, 25,06435
1,866637, -5,973485, 26,60341
2,214508, -9,873882, 25,33754
2,622006, -12,65512, 24,62489
2,239939, -13,19582, 23,75948
1,120072, -0,859116, 27,86363
-0,09264047, -5,42528, 27,53468
-0,3261056, -5,545, 27,72452
0,2075985, -2,458436, 24,54992
0,2886212, -2,628379, 24,785
*
0,9513447, -6,048615, 26,79643
0,8866522, -2,960587, 27,14676
0,8289076, 0,06406349, 27,35796
0,6227136, 1,497661, 27,55091
-0,6100414, -1,148845, 28,19959
-0,4753495, -3,696797, 29,01831
-0,6522752, -6,093442, 28,34251
-0,710469, -6,391885, 28,33009
2,148629, -0,9112913, 26,37384
2,98274, -2,670148, 25,62942
1,169758, -3,174424, 24,73169
0,8533049, -3,228495, 24,36245
0,3390654, -6,106258, 26,70664
-0,05481985, -9,808765, 25,27222
0,2751444, -12,99918, 25,32565
-0,2605495, -13,38821, 24,43291
1,592894, -5,845832, 26,17625
1,986979, -9,414606, 24,52282
2,33436, -12,38679, 23,77227
2,14049, -12,77984, 22,69224
0,8429608, -0,6838839, 27,3303
-0,74981, -6,843863, 28,32339
-0,7930548, -6,426324, 28,29133
0,5006148, -3,548784, 23,99355
0,7908878, -3,154145, 23,98438
*
-0,456602, -6,659278, 26,525
-0,2927401, -3,70625, 27,08488
-0,1301455, -0,8094487, 27,50286
0,140286, 0,6366563, 27,34746
-1,41486, -1,486943, 26,88812
-2,449373, -0,8171228, 25,08841
-1,237537, 0,8169046, 25,1168
-0,9756029, 0,8628122, 25,29582
1,311525, -2,005276, 27,46107
1,786287, -3,969836, 27,32467
1,777453, -4,035631, 24,67233
1,582618, -4,253479, 24,03248
-1,257954, -6,460292, 26,05929
-1,60339, -9,523535, 24,59285
-2,418236, -12,81794, 24,9388
-2,469785, -13,16195, 23,81043
0,357886, -6,676028, 26,26126
1,006482, -9,701039, 24,17068
2,13024, -12,42063, 23,79068
2,088136, -12,84547, 22,71789
-0,1706271, -1,526907, 27,42363
-0,489729, 1,10289, 25,47912
-0,8673221, 0,7005122, 25,17385
1,47506, -4,204714, 23,6891
1,564842, -3,940989, 23,83833
*
0,335652, -5,570992, 26,26504
0,321913, -2,581606, 26,93669
0,3046444, 0,3392582, 27,46793
0,3334231, 1,799399, 27,66034
-1,363456, -0,6007064, 27,20843
-2,315955, -2,543072, 26,97482
-2,153255, -4,421244, 25,57278
-2,016695, -5,021932, 25,15169
2,015197, -0,6976278, 27,45811
2,904203, -2,598106, 27,37955
3,948092, -3,122784, 25,6224
4,188498, -3,303586, 24,70659
-0,4179028, -5,479152, 25,86134
-1,087022, -9,228902, 24,76537
-1,686701, -12,69055, 24,66948
-2,078857, -13,21289, 23,80859
1,0797, -5,507046, 25,93404
2,03269, -9,17719, 24,41335
2,709358, -12,32198, 23,84644
2,830626, -12,82306, 22,85757
0,3093451, -0,382626, 27,36003
-1,806795, -5,367935, 24,78507
-2,081135, -5,072585, 24,65435
4,308104, -3,501615, 24,41385
4,188324, -3,55934, 24,58571
*
0,7535679, -7,31752, 26,73345
-0,6332235, -3,853085, 27,1908
-1,958387, -0,4257191, 27,54081
-2,302446, 0,8466672, 28,30196
-2,563066, -1,382735, 28,88641
-3,667758, -1,352079, 26,2163
-5,636207, -0,944566, 26,18567
-6,269848, -0,6863696, 26,24385
-0,9230474, -2,100357, 26,36423
-3,205367, -1,390284, 26,34283
-5,285626, -0,8368474, 26,30197
-5,882301, -0,7494864, 26,21502
0,4716255, -7,368813, 26,50765
-0,697376, -10,83876, 25,99899
-1,57762, -13,2717, 25,04866
-1,918434, -13,63426, 24,01925
1,019779, -7,066962, 26,22408
2,715109, -10,01971, 24,24665
4,201085, -12,32916, 23,13618
3,692866, -12,81312, 22,28437
-1,633906, -1,274738, 27,47659
-6,858125, -0,4661697, 26,31115
-6,063657, -0,5262915, 26,305
-6,540776, -0,4810857, 26,46324
-5,488757, -0,6202924, 26,1075
*
1,451213, -5,960369, 27,20192
1,416748, -2,899425, 27,88306
1,381027, 0,09710773, 28,42286
1,620221, 1,440219, 28,73175
-0,1936343, -0,9041244, 27,82325
-0,9240276, -3,310978, 27,31874
-1,039028, -5,302036, 26,33978
-1,118399, -5,933721, 26,15482
3,033189, -0,8411754, 28,59603
5,258639, -1,364301, 29,21539
7,143298, -0,6730581, 29,08197
7,575304, -0,1457484, 28,94371
0,7181858, -5,898527, 26,75574
-0,2399167, -9,98328, 25,87684
-1,613817, -13,2479, 25,00502
-1,855991, -13,65036, 23,96367
2,145451, -5,862342, 26,91677
2,637822, -9,907263, 25,76805
2,620769, -12,54859, 25,12687
2,586416, -12,92201, 24,00656
1,390596, -0,6442462, 28,31316
-1,107729, -6,467755, 25,90057
-1,416434, -5,919505, 25,86
7,950317, 0,3050241, 28,82733
7,4726, 0,03075791, 28,85917
*
1,183787, -7,529229, 27,43504
2,947313, -4,447122, 27,48421
4,623023, -1,352202, 27,43191
5,691617, -0,5348506, 27,63179
3,22322, -2,594095, 26,50322
5,651943, -2,904729, 25,7746
7,642432, -3,058126, 25,52206
8,175744, -3,347364, 25,35607
5,245361, -3,214697, 28,06708
6,435625, -3,004942, 25,82171
8,272015, -3,567406, 25,15387
8,783225, -3,508168, 25,18533
0,6746734, -7,202442, 26,6807
-1,189957, -10,26516, 25,43266
-3,110972, -12,89042, 24,70829
-2,497031, -13,30495, 23,82217
1,663969, -7,656314, 27,46503
2,715808, -10,39673, 26,1484
2,876768, -13,24258, 25,18531
3,224721, -13,53776, 24,12114
4,216207, -2,123222, 27,46665
8,759144, -3,43829, 25,1976
8,520976, -3,507766, 24,93222
9,148814, -3,500273, 24,99448
8,571906, -3,388958, 25,08
*
0,3367665, -5,852033, 26,99252
0,3629255, -2,871596, 27,72935
0,3935564, 0,04351254, 28,32677
0,1720267, 1,449331, 28,54932
-1,272956, -0,9723688, 28,56269
-2,908109, -2,132117, 28,80696
-4,906722, -2,363881, 28,60431
-5,635902, -2,093239, 28,63153
2,001542, -0,8918682, 27,81569
3,00915, -3,049843, 27,64344
3,176942, -4,858998, 26,42777
3,249016, -5,498067, 26,14772
-0,3979123, -5,798605, 26,74986
-1,345215, -9,75355, 25,48421
-1,810635, -12,79645, 25,03993
-1,684097, -13,11305, 23,8958
1,065032, -5,746157, 26,50057
1,822705, -9,772135, 25,65312
2,530855, -12,85658, 25,01804
2,845066, -13,1745, 23,94608
0,3856555, -0,6774417, 28,20246
-6,169166, -1,908202, 28,46244
-6,093301, -1,872896, 28,26334
3,137125, -5,976258, 25,92108
3,607247, -5,583392, 25,885
*
-0,4814923, -5,858053, 25,3122
-0,2689498, -2,839582, 25,94794
-0,05657386, 0,1234021, 26,42841
0,04367217, 1,597173, 26,66883
-1,85515, -0,8989291, 26,27211
-2,566682, -3,155925, 25,91004
-3,750864, -4,289137, 24,62338
-4,176548, -4,677827, 24,42871
1,586163, -1,010964, 26,12251
2,21288, -3,314388, 25,88888
3,614236, -4,391644, 24,80579
4,271281, -4,644099, 24,51597
-1,25011, -5,739046, 24,94613
-1,247265, -9,656966, 24,42226
-0,604127, -13,05203, 25,1123
-0,7691046, -13,57187, 24,14718
0,3006037, -5,808816, 24,94732
0,447012, -8,72074, 22,32239
0,7994461, -10,85002, 20,26175
0,7959852, -10,64315, 18,81495
-0,1107428, -0,6117597, 26,33694
-4,597629, -5,077954, 24,27212
-4,068069, -4,917999, 24,3
4,679924, -4,971577, 24,3158
4,262977, -4,974208, 24,45611
*
-0,4329348, -5,510512, 25,20893
-0,3326029, -2,497383, 25,95939
-0,2398054, 0,4575239, 26,57009
-0,2085467, 1,91964, 26,8496
-1,909912, -0,6905167, 26,26633
-2,093599, -3,078887, 25,98894
-3,48401, -2,623486, 24,24259
-3,99871, -2,441373, 23,66144
1,453284, -0,6632194, 26,49935
2,421289, -2,446133, 26,36561
2,117925, -2,913337, 24,19396
1,654792, -2,85394, 23,87621
-1,190343, -5,392765, 24,81905
-1,433177, -9,534606, 24,10524
-1,377774, -12,83576, 24,76104
-1,53737, -13,21227, 23,671
0,3367198, -5,467687, 24,86486
0,3878497, -8,682999, 22,53531
0,5788715, -11,18483, 20,94745
0,6587161, -11,04353, 19,50366
-0,2615454, -0,2704371, 26,43852
-4,283775, -2,504298, 23,23425
-4,352297, -2,358027, 23,3475
1,441302, -2,74722, 23,53484
1,678274, -2,597204, 23,4975
*
0,334828, -6,264533, 26,66429
0,3255226, -3,129585, 26,9324
0,3112246, -0,05756384, 27,0704
0,1510302, 1,393961, 27,1054
-1,382447, -1,118613, 26,8558
-2,441534, -3,451684, 26,43122
-3,619082, -4,93506, 25,63583
-4,120765, -5,420904, 25,54918
2,027151, -0,9816964, 26,93423
2,961893, -3,414395, 26,69511
3,934429, -5,007426, 25,82948
4,374791, -5,403254, 25,51712
-0,436421, -6,174937, 26,35042
-0,9330232, -8,735877, 24,26357
-0,8445435, -12,19459, 24,94715
-0,9353406, -13,22929, 24,22576
1,094021, -6,181042, 26,25047
1,272927, -8,051157, 23,26805
1,432783, -11,28986, 21,64552
1,444767, -11,30194, 20,21177
0,315972, -0,8177245, 27,05887
-4,571902, -5,731215, 25,37888
-4,279229, -5,157916, 25,23923
4,777345, -5,743061, 25,22329
4,320589, -5,745359, 25,47231
*
-0,5814653, -5,817109, 25,95444
-0,5993462, -2,860657, 26,64396
-0,6251267, 0,06770232, 27,17458
-0,5246155, 1,505409, 27,37567
-2,198114, -0,9475244, 26,71356
-3,183899, -3,284503, 26,3304
-4,256535, -4,731915, 25,31926
-4,768106, -5,17555, 25,16164
1,125659, -0,9651201, 27,46362
2,352849, -2,950169, 27,76802
2,887572, -4,179475, 26,14715
2,785726, -4,421489, 25,39973
-1,345924, -5,654972, 25,47341
-1,588026, -9,645053, 24,67223
-1,622115, -13,04757, 25,54795
-1,674387, -13,51465, 24,50976
0,1594202, -5,816184, 25,7044
0,3883955, -9,221903, 23,3834
0,7335904, -11,53287, 21,53701
0,9699907, -11,35176, 20,11705
-0,6289457, -0,6606522, 27,07498
-5,200666, -5,478492, 24,84134
-4,593256, -5,431977, 25,00756
2,914177, -4,477695, 25,18214
2,911018, -4,107172, 25,06444
*
-0,169179, -6,037855, 27,20978
-0,1573393, -3,037923, 27,76853
-0,1524594, -0,09758641, 28,18842
0,02327308, 1,307654, 28,29819
-1,807681, -0,8755172, 27,86222
-3,618948, -2,270912, 27,57711
-5,752506, -3,757844, 27,4032
-6,357429, -4,14431, 27,47084
1,679371, -1,130195, 28,22077
3,77388, -1,765337, 28,22197
5,718788, -2,263739, 28,1704
6,345597, -2,432379, 28,2083
-0,9071504, -5,899223, 26,75558
-1,375983, -9,57927, 25,36951
-1,815365, -12,97501, 25,37394
-1,683198, -13,26236, 24,214
0,5706295, -6,016736, 26,9282
1,754807, -9,735458, 25,39708
2,508233, -12,87296, 24,8229
2,788412, -13,18422, 23,73314
-0,1531566, -0,8252174, 28,10816
-6,825417, -4,423002, 27,75396
-6,223426, -4,353973, 27,40778
6,839972, -2,565101, 28,14287
6,717638, -2,400479, 27,77111
*
